/*--------------------------------*- C++ -*----------------------------------*\
  =========                 |
  \\      /  F ield         | OpenFOAM: The Open Source CFD Toolbox
   \\    /   O peration     | Website:  https://openfoam.org
    \\  /    A nd           | Version:  11
     \\/     M anipulation  |
\*---------------------------------------------------------------------------*/
FoamFile
{
    format      ascii;
    class       faceList;
    location    "constant/polyMesh";
    object      faces;
}
// * * * * * * * * * * * * * * * * * * * * * * * * * * * * * * * * * * * * * //


4575
(
4(1 14 183 170)
4(13 182 183 14)
4(2 15 184 171)
4(14 183 184 15)
4(3 16 185 172)
4(15 184 185 16)
4(4 17 186 173)
4(16 185 186 17)
4(5 18 187 174)
4(17 186 187 18)
4(6 19 188 175)
4(18 187 188 19)
4(7 20 189 176)
4(19 188 189 20)
4(8 21 190 177)
4(20 189 190 21)
4(9 22 191 178)
4(21 190 191 22)
4(10 23 192 179)
4(22 191 192 23)
4(11 24 193 180)
4(23 192 193 24)
4(24 193 194 25)
4(12 25 194 181)
4(14 27 196 183)
4(26 195 196 27)
4(15 28 197 184)
4(27 196 197 28)
4(16 29 198 185)
4(28 197 198 29)
4(17 30 199 186)
4(29 198 199 30)
4(18 31 200 187)
4(30 199 200 31)
4(19 32 201 188)
4(31 200 201 32)
4(20 33 202 189)
4(32 201 202 33)
4(21 34 203 190)
4(33 202 203 34)
4(22 35 204 191)
4(34 203 204 35)
4(23 36 205 192)
4(35 204 205 36)
4(24 37 206 193)
4(36 205 206 37)
4(37 206 207 38)
4(25 38 207 194)
4(27 40 209 196)
4(39 208 209 40)
4(28 41 210 197)
4(40 209 210 41)
4(29 42 211 198)
4(41 210 211 42)
4(30 43 212 199)
4(42 211 212 43)
4(31 44 213 200)
4(43 212 213 44)
4(32 45 214 201)
4(44 213 214 45)
4(33 46 215 202)
4(45 214 215 46)
4(34 47 216 203)
4(46 215 216 47)
4(35 48 217 204)
4(47 216 217 48)
4(36 49 218 205)
4(48 217 218 49)
4(37 50 219 206)
4(49 218 219 50)
4(50 219 220 51)
4(38 51 220 207)
4(40 53 222 209)
4(52 221 222 53)
4(41 54 223 210)
4(53 222 223 54)
4(42 55 224 211)
4(54 223 224 55)
4(43 56 225 212)
4(55 224 225 56)
4(44 57 226 213)
4(56 225 226 57)
4(45 58 227 214)
4(57 226 227 58)
4(46 59 228 215)
4(58 227 228 59)
4(47 60 229 216)
4(59 228 229 60)
4(48 61 230 217)
4(60 229 230 61)
4(49 62 231 218)
4(61 230 231 62)
4(50 63 232 219)
4(62 231 232 63)
4(63 232 233 64)
4(51 64 233 220)
4(53 66 235 222)
4(65 234 235 66)
4(54 67 236 223)
4(66 235 236 67)
4(55 68 237 224)
4(67 236 237 68)
4(56 69 238 225)
4(68 237 238 69)
4(57 70 239 226)
4(69 238 239 70)
4(58 71 240 227)
4(70 239 240 71)
4(59 72 241 228)
4(71 240 241 72)
4(60 73 242 229)
4(72 241 242 73)
4(61 74 243 230)
4(73 242 243 74)
4(62 75 244 231)
4(74 243 244 75)
4(63 76 245 232)
4(75 244 245 76)
4(76 245 246 77)
4(64 77 246 233)
4(66 79 248 235)
4(78 247 248 79)
4(67 80 249 236)
4(79 248 249 80)
4(68 81 250 237)
4(80 249 250 81)
4(69 82 251 238)
4(81 250 251 82)
4(70 83 252 239)
4(82 251 252 83)
4(71 84 253 240)
4(83 252 253 84)
4(72 85 254 241)
4(84 253 254 85)
4(73 86 255 242)
4(85 254 255 86)
4(74 87 256 243)
4(86 255 256 87)
4(75 88 257 244)
4(87 256 257 88)
4(76 89 258 245)
4(88 257 258 89)
4(89 258 259 90)
4(77 90 259 246)
4(79 92 261 248)
4(91 260 261 92)
4(80 93 262 249)
4(92 261 262 93)
4(81 94 263 250)
4(93 262 263 94)
4(82 95 264 251)
4(94 263 264 95)
4(83 96 265 252)
4(95 264 265 96)
4(84 97 266 253)
4(96 265 266 97)
4(85 98 267 254)
4(97 266 267 98)
4(86 99 268 255)
4(98 267 268 99)
4(87 100 269 256)
4(99 268 269 100)
4(88 101 270 257)
4(100 269 270 101)
4(89 102 271 258)
4(101 270 271 102)
4(102 271 272 103)
4(90 103 272 259)
4(92 105 274 261)
4(104 273 274 105)
4(93 106 275 262)
4(105 274 275 106)
4(94 107 276 263)
4(106 275 276 107)
4(95 108 277 264)
4(107 276 277 108)
4(96 109 278 265)
4(108 277 278 109)
4(97 110 279 266)
4(109 278 279 110)
4(98 111 280 267)
4(110 279 280 111)
4(99 112 281 268)
4(111 280 281 112)
4(100 113 282 269)
4(112 281 282 113)
4(101 114 283 270)
4(113 282 283 114)
4(102 115 284 271)
4(114 283 284 115)
4(115 284 285 116)
4(103 116 285 272)
4(105 118 287 274)
4(117 286 287 118)
4(106 119 288 275)
4(118 287 288 119)
4(107 120 289 276)
4(119 288 289 120)
4(108 121 290 277)
4(120 289 290 121)
4(109 122 291 278)
4(121 290 291 122)
4(110 123 292 279)
4(122 291 292 123)
4(111 124 293 280)
4(123 292 293 124)
4(112 125 294 281)
4(124 293 294 125)
4(113 126 295 282)
4(125 294 295 126)
4(114 127 296 283)
4(126 295 296 127)
4(115 128 297 284)
4(127 296 297 128)
4(128 297 298 129)
4(116 129 298 285)
4(118 131 300 287)
4(130 299 300 131)
4(119 132 301 288)
4(131 300 301 132)
4(120 133 302 289)
4(132 301 302 133)
4(121 134 303 290)
4(133 302 303 134)
4(122 135 304 291)
4(134 303 304 135)
4(123 136 305 292)
4(135 304 305 136)
4(124 137 306 293)
4(136 305 306 137)
4(125 138 307 294)
4(137 306 307 138)
4(126 139 308 295)
4(138 307 308 139)
4(127 140 309 296)
4(139 308 309 140)
4(128 141 310 297)
4(140 309 310 141)
4(141 310 311 142)
4(129 142 311 298)
4(131 144 313 300)
4(143 312 313 144)
4(132 145 314 301)
4(144 313 314 145)
4(133 146 315 302)
4(145 314 315 146)
4(134 147 316 303)
4(146 315 316 147)
4(135 148 317 304)
4(147 316 317 148)
4(136 149 318 305)
4(148 317 318 149)
4(137 150 319 306)
4(149 318 319 150)
4(138 151 320 307)
4(150 319 320 151)
4(139 152 321 308)
4(151 320 321 152)
4(140 153 322 309)
4(152 321 322 153)
4(141 154 323 310)
4(153 322 323 154)
4(154 323 324 155)
4(142 155 324 311)
4(144 157 326 313)
4(156 325 326 157)
4(145 158 327 314)
4(157 326 327 158)
4(146 159 328 315)
4(158 327 328 159)
4(147 160 329 316)
4(159 328 329 160)
4(148 161 330 317)
4(160 329 330 161)
4(149 162 331 318)
4(161 330 331 162)
4(150 163 332 319)
4(162 331 332 163)
4(151 164 333 320)
4(163 332 333 164)
4(152 165 334 321)
4(164 333 334 165)
4(153 166 335 322)
4(165 334 335 166)
4(154 167 336 323)
4(166 335 336 167)
4(167 336 337 168)
4(155 168 337 324)
4(157 339 365 326)
4(338 364 365 339)
4(158 340 366 327)
4(339 365 366 340)
4(159 341 367 328)
4(340 366 367 341)
4(160 342 368 329)
4(341 367 368 342)
4(161 343 369 330)
4(342 368 369 343)
4(162 344 370 331)
4(343 369 370 344)
4(163 345 371 332)
4(344 370 371 345)
4(164 346 372 333)
4(345 371 372 346)
4(165 347 373 334)
4(346 372 373 347)
4(166 348 374 335)
4(347 373 374 348)
4(167 349 375 336)
4(348 374 375 349)
4(349 375 376 350)
4(339 352 378 365)
4(351 377 378 352)
4(340 353 379 366)
4(352 378 379 353)
4(341 354 380 367)
4(353 379 380 354)
4(342 355 381 368)
4(354 380 381 355)
4(343 356 382 369)
4(355 381 382 356)
4(344 357 383 370)
4(356 382 383 357)
4(345 358 384 371)
4(357 383 384 358)
4(346 359 385 372)
4(358 384 385 359)
4(347 360 386 373)
4(359 385 386 360)
4(348 361 387 374)
4(360 386 387 361)
4(349 362 388 375)
4(361 387 388 362)
4(362 388 389 363)
4(352 391 534 378)
4(390 533 534 391)
4(353 392 535 379)
4(391 534 535 392)
4(354 393 536 380)
4(392 535 536 393)
4(355 394 537 381)
4(393 536 537 394)
4(356 395 538 382)
4(394 537 538 395)
4(357 396 539 383)
4(395 538 539 396)
4(358 397 540 384)
4(396 539 540 397)
4(359 398 541 385)
4(397 540 541 398)
4(360 399 542 386)
4(398 541 542 399)
4(361 400 543 387)
4(399 542 543 400)
4(362 401 544 388)
4(400 543 544 401)
4(401 544 545 402)
4(363 402 545 389)
4(391 404 547 534)
4(403 546 547 404)
4(392 405 548 535)
4(404 547 548 405)
4(393 406 549 536)
4(405 548 549 406)
4(394 407 550 537)
4(406 549 550 407)
4(395 408 551 538)
4(407 550 551 408)
4(396 409 552 539)
4(408 551 552 409)
4(397 410 553 540)
4(409 552 553 410)
4(398 411 554 541)
4(410 553 554 411)
4(399 412 555 542)
4(411 554 555 412)
4(400 413 556 543)
4(412 555 556 413)
4(401 414 557 544)
4(413 556 557 414)
4(414 557 558 415)
4(402 415 558 545)
4(404 417 560 547)
4(416 559 560 417)
4(405 418 561 548)
4(417 560 561 418)
4(406 419 562 549)
4(418 561 562 419)
4(407 420 563 550)
4(419 562 563 420)
4(408 421 564 551)
4(420 563 564 421)
4(409 422 565 552)
4(421 564 565 422)
4(410 423 566 553)
4(422 565 566 423)
4(411 424 567 554)
4(423 566 567 424)
4(412 425 568 555)
4(424 567 568 425)
4(413 426 569 556)
4(425 568 569 426)
4(414 427 570 557)
4(426 569 570 427)
4(427 570 571 428)
4(415 428 571 558)
4(417 430 573 560)
4(429 572 573 430)
4(418 431 574 561)
4(430 573 574 431)
4(419 432 575 562)
4(431 574 575 432)
4(420 433 576 563)
4(432 575 576 433)
4(421 434 577 564)
4(433 576 577 434)
4(422 435 578 565)
4(434 577 578 435)
4(423 436 579 566)
4(435 578 579 436)
4(424 437 580 567)
4(436 579 580 437)
4(425 438 581 568)
4(437 580 581 438)
4(426 439 582 569)
4(438 581 582 439)
4(427 440 583 570)
4(439 582 583 440)
4(440 583 584 441)
4(428 441 584 571)
4(430 443 586 573)
4(442 585 586 443)
4(431 444 587 574)
4(443 586 587 444)
4(432 445 588 575)
4(444 587 588 445)
4(433 446 589 576)
4(445 588 589 446)
4(434 447 590 577)
4(446 589 590 447)
4(435 448 591 578)
4(447 590 591 448)
4(436 449 592 579)
4(448 591 592 449)
4(437 450 593 580)
4(449 592 593 450)
4(438 451 594 581)
4(450 593 594 451)
4(439 452 595 582)
4(451 594 595 452)
4(440 453 596 583)
4(452 595 596 453)
4(453 596 597 454)
4(441 454 597 584)
4(443 456 599 586)
4(455 598 599 456)
4(444 457 600 587)
4(456 599 600 457)
4(445 458 601 588)
4(457 600 601 458)
4(446 459 602 589)
4(458 601 602 459)
4(447 460 603 590)
4(459 602 603 460)
4(448 461 604 591)
4(460 603 604 461)
4(449 462 605 592)
4(461 604 605 462)
4(450 463 606 593)
4(462 605 606 463)
4(451 464 607 594)
4(463 606 607 464)
4(452 465 608 595)
4(464 607 608 465)
4(453 466 609 596)
4(465 608 609 466)
4(466 609 610 467)
4(454 467 610 597)
4(456 469 612 599)
4(468 611 612 469)
4(457 470 613 600)
4(469 612 613 470)
4(458 471 614 601)
4(470 613 614 471)
4(459 472 615 602)
4(471 614 615 472)
4(460 473 616 603)
4(472 615 616 473)
4(461 474 617 604)
4(473 616 617 474)
4(462 475 618 605)
4(474 617 618 475)
4(463 476 619 606)
4(475 618 619 476)
4(464 477 620 607)
4(476 619 620 477)
4(465 478 621 608)
4(477 620 621 478)
4(466 479 622 609)
4(478 621 622 479)
4(479 622 623 480)
4(467 480 623 610)
4(469 482 625 612)
4(481 624 625 482)
4(470 483 626 613)
4(482 625 626 483)
4(471 484 627 614)
4(483 626 627 484)
4(472 485 628 615)
4(484 627 628 485)
4(473 486 629 616)
4(485 628 629 486)
4(474 487 630 617)
4(486 629 630 487)
4(475 488 631 618)
4(487 630 631 488)
4(476 489 632 619)
4(488 631 632 489)
4(477 490 633 620)
4(489 632 633 490)
4(478 491 634 621)
4(490 633 634 491)
4(479 492 635 622)
4(491 634 635 492)
4(492 635 636 493)
4(480 493 636 623)
4(482 495 638 625)
4(494 637 638 495)
4(483 496 639 626)
4(495 638 639 496)
4(484 497 640 627)
4(496 639 640 497)
4(485 498 641 628)
4(497 640 641 498)
4(486 499 642 629)
4(498 641 642 499)
4(487 500 643 630)
4(499 642 643 500)
4(488 501 644 631)
4(500 643 644 501)
4(489 502 645 632)
4(501 644 645 502)
4(490 503 646 633)
4(502 645 646 503)
4(491 504 647 634)
4(503 646 647 504)
4(492 505 648 635)
4(504 647 648 505)
4(505 648 649 506)
4(493 506 649 636)
4(495 508 651 638)
4(507 650 651 508)
4(496 509 652 639)
4(508 651 652 509)
4(497 510 653 640)
4(509 652 653 510)
4(498 511 654 641)
4(510 653 654 511)
4(499 512 655 642)
4(511 654 655 512)
4(500 513 656 643)
4(512 655 656 513)
4(501 514 657 644)
4(513 656 657 514)
4(502 515 658 645)
4(514 657 658 515)
4(503 516 659 646)
4(515 658 659 516)
4(504 517 660 647)
4(516 659 660 517)
4(505 518 661 648)
4(517 660 661 518)
4(518 661 662 519)
4(506 519 662 649)
4(508 521 664 651)
4(509 522 665 652)
4(510 523 666 653)
4(511 524 667 654)
4(512 525 668 655)
4(513 526 669 656)
4(514 527 670 657)
4(515 528 671 658)
4(516 529 672 659)
4(517 530 673 660)
4(518 531 674 661)
4(519 532 675 662)
4(676 690 872 858)
4(25 194 872 690)
4(677 691 873 859)
4(690 872 873 691)
4(678 692 874 860)
4(691 873 874 692)
4(679 693 875 861)
4(692 874 875 693)
4(680 694 876 862)
4(693 875 876 694)
4(681 695 877 863)
4(694 876 877 695)
4(682 696 878 864)
4(695 877 878 696)
4(683 697 879 865)
4(696 878 879 697)
4(684 698 880 866)
4(697 879 880 698)
4(685 699 881 867)
4(698 880 881 699)
4(686 700 882 868)
4(699 881 882 700)
4(687 701 883 869)
4(700 882 883 701)
4(688 702 884 870)
4(701 883 884 702)
4(702 884 885 703)
4(689 703 885 871)
4(690 704 886 872)
4(38 207 886 704)
4(691 705 887 873)
4(704 886 887 705)
4(692 706 888 874)
4(705 887 888 706)
4(693 707 889 875)
4(706 888 889 707)
4(694 708 890 876)
4(707 889 890 708)
4(695 709 891 877)
4(708 890 891 709)
4(696 710 892 878)
4(709 891 892 710)
4(697 711 893 879)
4(710 892 893 711)
4(698 712 894 880)
4(711 893 894 712)
4(699 713 895 881)
4(712 894 895 713)
4(700 714 896 882)
4(713 895 896 714)
4(701 715 897 883)
4(714 896 897 715)
4(702 716 898 884)
4(715 897 898 716)
4(716 898 899 717)
4(703 717 899 885)
4(704 718 900 886)
4(51 220 900 718)
4(705 719 901 887)
4(718 900 901 719)
4(706 720 902 888)
4(719 901 902 720)
4(707 721 903 889)
4(720 902 903 721)
4(708 722 904 890)
4(721 903 904 722)
4(709 723 905 891)
4(722 904 905 723)
4(710 724 906 892)
4(723 905 906 724)
4(711 725 907 893)
4(724 906 907 725)
4(712 726 908 894)
4(725 907 908 726)
4(713 727 909 895)
4(726 908 909 727)
4(714 728 910 896)
4(727 909 910 728)
4(715 729 911 897)
4(728 910 911 729)
4(716 730 912 898)
4(729 911 912 730)
4(730 912 913 731)
4(717 731 913 899)
4(718 732 914 900)
4(64 233 914 732)
4(719 733 915 901)
4(732 914 915 733)
4(720 734 916 902)
4(733 915 916 734)
4(721 735 917 903)
4(734 916 917 735)
4(722 736 918 904)
4(735 917 918 736)
4(723 737 919 905)
4(736 918 919 737)
4(724 738 920 906)
4(737 919 920 738)
4(725 739 921 907)
4(738 920 921 739)
4(726 740 922 908)
4(739 921 922 740)
4(727 741 923 909)
4(740 922 923 741)
4(728 742 924 910)
4(741 923 924 742)
4(729 743 925 911)
4(742 924 925 743)
4(730 744 926 912)
4(743 925 926 744)
4(744 926 927 745)
4(731 745 927 913)
4(732 746 928 914)
4(77 246 928 746)
4(733 747 929 915)
4(746 928 929 747)
4(734 748 930 916)
4(747 929 930 748)
4(735 749 931 917)
4(748 930 931 749)
4(736 750 932 918)
4(749 931 932 750)
4(737 751 933 919)
4(750 932 933 751)
4(738 752 934 920)
4(751 933 934 752)
4(739 753 935 921)
4(752 934 935 753)
4(740 754 936 922)
4(753 935 936 754)
4(741 755 937 923)
4(754 936 937 755)
4(742 756 938 924)
4(755 937 938 756)
4(743 757 939 925)
4(756 938 939 757)
4(744 758 940 926)
4(757 939 940 758)
4(758 940 941 759)
4(745 759 941 927)
4(746 760 942 928)
4(90 259 942 760)
4(747 761 943 929)
4(760 942 943 761)
4(748 762 944 930)
4(761 943 944 762)
4(749 763 945 931)
4(762 944 945 763)
4(750 764 946 932)
4(763 945 946 764)
4(751 765 947 933)
4(764 946 947 765)
4(752 766 948 934)
4(765 947 948 766)
4(753 767 949 935)
4(766 948 949 767)
4(754 768 950 936)
4(767 949 950 768)
4(755 769 951 937)
4(768 950 951 769)
4(756 770 952 938)
4(769 951 952 770)
4(757 771 953 939)
4(770 952 953 771)
4(758 772 954 940)
4(771 953 954 772)
4(772 954 955 773)
4(759 773 955 941)
4(760 774 956 942)
4(103 272 956 774)
4(761 775 957 943)
4(774 956 957 775)
4(762 776 958 944)
4(775 957 958 776)
4(763 777 959 945)
4(776 958 959 777)
4(764 778 960 946)
4(777 959 960 778)
4(765 779 961 947)
4(778 960 961 779)
4(766 780 962 948)
4(779 961 962 780)
4(767 781 963 949)
4(780 962 963 781)
4(768 782 964 950)
4(781 963 964 782)
4(769 783 965 951)
4(782 964 965 783)
4(770 784 966 952)
4(783 965 966 784)
4(771 785 967 953)
4(784 966 967 785)
4(772 786 968 954)
4(785 967 968 786)
4(786 968 969 787)
4(773 787 969 955)
4(774 788 970 956)
4(116 285 970 788)
4(775 789 971 957)
4(788 970 971 789)
4(776 790 972 958)
4(789 971 972 790)
4(777 791 973 959)
4(790 972 973 791)
4(778 792 974 960)
4(791 973 974 792)
4(779 793 975 961)
4(792 974 975 793)
4(780 794 976 962)
4(793 975 976 794)
4(781 795 977 963)
4(794 976 977 795)
4(782 796 978 964)
4(795 977 978 796)
4(783 797 979 965)
4(796 978 979 797)
4(784 798 980 966)
4(797 979 980 798)
4(785 799 981 967)
4(798 980 981 799)
4(786 800 982 968)
4(799 981 982 800)
4(800 982 983 801)
4(787 801 983 969)
4(788 802 984 970)
4(129 298 984 802)
4(789 803 985 971)
4(802 984 985 803)
4(790 804 986 972)
4(803 985 986 804)
4(791 805 987 973)
4(804 986 987 805)
4(792 806 988 974)
4(805 987 988 806)
4(793 807 989 975)
4(806 988 989 807)
4(794 808 990 976)
4(807 989 990 808)
4(795 809 991 977)
4(808 990 991 809)
4(796 810 992 978)
4(809 991 992 810)
4(797 811 993 979)
4(810 992 993 811)
4(798 812 994 980)
4(811 993 994 812)
4(799 813 995 981)
4(812 994 995 813)
4(800 814 996 982)
4(813 995 996 814)
4(814 996 997 815)
4(801 815 997 983)
4(802 816 998 984)
4(142 311 998 816)
4(803 817 999 985)
4(816 998 999 817)
4(804 818 1000 986)
4(817 999 1000 818)
4(805 819 1001 987)
4(818 1000 1001 819)
4(806 820 1002 988)
4(819 1001 1002 820)
4(807 821 1003 989)
4(820 1002 1003 821)
4(808 822 1004 990)
4(821 1003 1004 822)
4(809 823 1005 991)
4(822 1004 1005 823)
4(810 824 1006 992)
4(823 1005 1006 824)
4(811 825 1007 993)
4(824 1006 1007 825)
4(812 826 1008 994)
4(825 1007 1008 826)
4(813 827 1009 995)
4(826 1008 1009 827)
4(814 828 1010 996)
4(827 1009 1010 828)
4(828 1010 1011 829)
4(815 829 1011 997)
4(816 830 1012 998)
4(155 324 1012 830)
4(817 831 1013 999)
4(830 1012 1013 831)
4(818 832 1014 1000)
4(831 1013 1014 832)
4(819 833 1015 1001)
4(832 1014 1015 833)
4(820 834 1016 1002)
4(833 1015 1016 834)
4(821 835 1017 1003)
4(834 1016 1017 835)
4(822 836 1018 1004)
4(835 1017 1018 836)
4(823 837 1019 1005)
4(836 1018 1019 837)
4(824 838 1020 1006)
4(837 1019 1020 838)
4(825 839 1021 1007)
4(838 1020 1021 839)
4(826 840 1022 1008)
4(839 1021 1022 840)
4(827 841 1023 1009)
4(840 1022 1023 841)
4(828 842 1024 1010)
4(841 1023 1024 842)
4(842 1024 1025 843)
4(829 843 1025 1011)
4(830 844 1026 1012)
4(831 845 1027 1013)
4(832 846 1028 1014)
4(833 847 1029 1015)
4(834 848 1030 1016)
4(835 849 1031 1017)
4(836 850 1032 1018)
4(837 851 1033 1019)
4(838 852 1034 1020)
4(839 853 1035 1021)
4(840 854 1036 1022)
4(841 855 1037 1023)
4(842 856 1038 1024)
4(843 857 1039 1025)
4(1040 1054 1222 1208)
4(402 545 1222 1054)
4(1041 1055 1223 1209)
4(1054 1222 1223 1055)
4(1042 1056 1224 1210)
4(1055 1223 1224 1056)
4(1043 1057 1225 1211)
4(1056 1224 1225 1057)
4(1044 1058 1226 1212)
4(1057 1225 1226 1058)
4(1045 1059 1227 1213)
4(1058 1226 1227 1059)
4(1046 1060 1228 1214)
4(1059 1227 1228 1060)
4(1047 1061 1229 1215)
4(1060 1228 1229 1061)
4(1048 1062 1230 1216)
4(1061 1229 1230 1062)
4(1049 1063 1231 1217)
4(1062 1230 1231 1063)
4(1050 1064 1232 1218)
4(1063 1231 1232 1064)
4(1051 1065 1233 1219)
4(1064 1232 1233 1065)
4(1052 1066 1234 1220)
4(1065 1233 1234 1066)
4(1066 1234 1235 1067)
4(1053 1067 1235 1221)
4(1054 1068 1236 1222)
4(415 558 1236 1068)
4(1055 1069 1237 1223)
4(1068 1236 1237 1069)
4(1056 1070 1238 1224)
4(1069 1237 1238 1070)
4(1057 1071 1239 1225)
4(1070 1238 1239 1071)
4(1058 1072 1240 1226)
4(1071 1239 1240 1072)
4(1059 1073 1241 1227)
4(1072 1240 1241 1073)
4(1060 1074 1242 1228)
4(1073 1241 1242 1074)
4(1061 1075 1243 1229)
4(1074 1242 1243 1075)
4(1062 1076 1244 1230)
4(1075 1243 1244 1076)
4(1063 1077 1245 1231)
4(1076 1244 1245 1077)
4(1064 1078 1246 1232)
4(1077 1245 1246 1078)
4(1065 1079 1247 1233)
4(1078 1246 1247 1079)
4(1066 1080 1248 1234)
4(1079 1247 1248 1080)
4(1080 1248 1249 1081)
4(1067 1081 1249 1235)
4(1068 1082 1250 1236)
4(428 571 1250 1082)
4(1069 1083 1251 1237)
4(1082 1250 1251 1083)
4(1070 1084 1252 1238)
4(1083 1251 1252 1084)
4(1071 1085 1253 1239)
4(1084 1252 1253 1085)
4(1072 1086 1254 1240)
4(1085 1253 1254 1086)
4(1073 1087 1255 1241)
4(1086 1254 1255 1087)
4(1074 1088 1256 1242)
4(1087 1255 1256 1088)
4(1075 1089 1257 1243)
4(1088 1256 1257 1089)
4(1076 1090 1258 1244)
4(1089 1257 1258 1090)
4(1077 1091 1259 1245)
4(1090 1258 1259 1091)
4(1078 1092 1260 1246)
4(1091 1259 1260 1092)
4(1079 1093 1261 1247)
4(1092 1260 1261 1093)
4(1080 1094 1262 1248)
4(1093 1261 1262 1094)
4(1094 1262 1263 1095)
4(1081 1095 1263 1249)
4(1082 1096 1264 1250)
4(441 584 1264 1096)
4(1083 1097 1265 1251)
4(1096 1264 1265 1097)
4(1084 1098 1266 1252)
4(1097 1265 1266 1098)
4(1085 1099 1267 1253)
4(1098 1266 1267 1099)
4(1086 1100 1268 1254)
4(1099 1267 1268 1100)
4(1087 1101 1269 1255)
4(1100 1268 1269 1101)
4(1088 1102 1270 1256)
4(1101 1269 1270 1102)
4(1089 1103 1271 1257)
4(1102 1270 1271 1103)
4(1090 1104 1272 1258)
4(1103 1271 1272 1104)
4(1091 1105 1273 1259)
4(1104 1272 1273 1105)
4(1092 1106 1274 1260)
4(1105 1273 1274 1106)
4(1093 1107 1275 1261)
4(1106 1274 1275 1107)
4(1094 1108 1276 1262)
4(1107 1275 1276 1108)
4(1108 1276 1277 1109)
4(1095 1109 1277 1263)
4(1096 1110 1278 1264)
4(454 597 1278 1110)
4(1097 1111 1279 1265)
4(1110 1278 1279 1111)
4(1098 1112 1280 1266)
4(1111 1279 1280 1112)
4(1099 1113 1281 1267)
4(1112 1280 1281 1113)
4(1100 1114 1282 1268)
4(1113 1281 1282 1114)
4(1101 1115 1283 1269)
4(1114 1282 1283 1115)
4(1102 1116 1284 1270)
4(1115 1283 1284 1116)
4(1103 1117 1285 1271)
4(1116 1284 1285 1117)
4(1104 1118 1286 1272)
4(1117 1285 1286 1118)
4(1105 1119 1287 1273)
4(1118 1286 1287 1119)
4(1106 1120 1288 1274)
4(1119 1287 1288 1120)
4(1107 1121 1289 1275)
4(1120 1288 1289 1121)
4(1108 1122 1290 1276)
4(1121 1289 1290 1122)
4(1122 1290 1291 1123)
4(1109 1123 1291 1277)
4(1110 1124 1292 1278)
4(467 610 1292 1124)
4(1111 1125 1293 1279)
4(1124 1292 1293 1125)
4(1112 1126 1294 1280)
4(1125 1293 1294 1126)
4(1113 1127 1295 1281)
4(1126 1294 1295 1127)
4(1114 1128 1296 1282)
4(1127 1295 1296 1128)
4(1115 1129 1297 1283)
4(1128 1296 1297 1129)
4(1116 1130 1298 1284)
4(1129 1297 1298 1130)
4(1117 1131 1299 1285)
4(1130 1298 1299 1131)
4(1118 1132 1300 1286)
4(1131 1299 1300 1132)
4(1119 1133 1301 1287)
4(1132 1300 1301 1133)
4(1120 1134 1302 1288)
4(1133 1301 1302 1134)
4(1121 1135 1303 1289)
4(1134 1302 1303 1135)
4(1122 1136 1304 1290)
4(1135 1303 1304 1136)
4(1136 1304 1305 1137)
4(1123 1137 1305 1291)
4(1124 1138 1306 1292)
4(480 623 1306 1138)
4(1125 1139 1307 1293)
4(1138 1306 1307 1139)
4(1126 1140 1308 1294)
4(1139 1307 1308 1140)
4(1127 1141 1309 1295)
4(1140 1308 1309 1141)
4(1128 1142 1310 1296)
4(1141 1309 1310 1142)
4(1129 1143 1311 1297)
4(1142 1310 1311 1143)
4(1130 1144 1312 1298)
4(1143 1311 1312 1144)
4(1131 1145 1313 1299)
4(1144 1312 1313 1145)
4(1132 1146 1314 1300)
4(1145 1313 1314 1146)
4(1133 1147 1315 1301)
4(1146 1314 1315 1147)
4(1134 1148 1316 1302)
4(1147 1315 1316 1148)
4(1135 1149 1317 1303)
4(1148 1316 1317 1149)
4(1136 1150 1318 1304)
4(1149 1317 1318 1150)
4(1150 1318 1319 1151)
4(1137 1151 1319 1305)
4(1138 1152 1320 1306)
4(493 636 1320 1152)
4(1139 1153 1321 1307)
4(1152 1320 1321 1153)
4(1140 1154 1322 1308)
4(1153 1321 1322 1154)
4(1141 1155 1323 1309)
4(1154 1322 1323 1155)
4(1142 1156 1324 1310)
4(1155 1323 1324 1156)
4(1143 1157 1325 1311)
4(1156 1324 1325 1157)
4(1144 1158 1326 1312)
4(1157 1325 1326 1158)
4(1145 1159 1327 1313)
4(1158 1326 1327 1159)
4(1146 1160 1328 1314)
4(1159 1327 1328 1160)
4(1147 1161 1329 1315)
4(1160 1328 1329 1161)
4(1148 1162 1330 1316)
4(1161 1329 1330 1162)
4(1149 1163 1331 1317)
4(1162 1330 1331 1163)
4(1150 1164 1332 1318)
4(1163 1331 1332 1164)
4(1164 1332 1333 1165)
4(1151 1165 1333 1319)
4(1152 1166 1334 1320)
4(506 649 1334 1166)
4(1153 1167 1335 1321)
4(1166 1334 1335 1167)
4(1154 1168 1336 1322)
4(1167 1335 1336 1168)
4(1155 1169 1337 1323)
4(1168 1336 1337 1169)
4(1156 1170 1338 1324)
4(1169 1337 1338 1170)
4(1157 1171 1339 1325)
4(1170 1338 1339 1171)
4(1158 1172 1340 1326)
4(1171 1339 1340 1172)
4(1159 1173 1341 1327)
4(1172 1340 1341 1173)
4(1160 1174 1342 1328)
4(1173 1341 1342 1174)
4(1161 1175 1343 1329)
4(1174 1342 1343 1175)
4(1162 1176 1344 1330)
4(1175 1343 1344 1176)
4(1163 1177 1345 1331)
4(1176 1344 1345 1177)
4(1164 1178 1346 1332)
4(1177 1345 1346 1178)
4(1178 1346 1347 1179)
4(1165 1179 1347 1333)
4(1166 1180 1348 1334)
4(519 662 1348 1180)
4(1167 1181 1349 1335)
4(1180 1348 1349 1181)
4(1168 1182 1350 1336)
4(1181 1349 1350 1182)
4(1169 1183 1351 1337)
4(1182 1350 1351 1183)
4(1170 1184 1352 1338)
4(1183 1351 1352 1184)
4(1171 1185 1353 1339)
4(1184 1352 1353 1185)
4(1172 1186 1354 1340)
4(1185 1353 1354 1186)
4(1173 1187 1355 1341)
4(1186 1354 1355 1187)
4(1174 1188 1356 1342)
4(1187 1355 1356 1188)
4(1175 1189 1357 1343)
4(1188 1356 1357 1189)
4(1176 1190 1358 1344)
4(1189 1357 1358 1190)
4(1177 1191 1359 1345)
4(1190 1358 1359 1191)
4(1178 1192 1360 1346)
4(1191 1359 1360 1192)
4(1192 1360 1361 1193)
4(1179 1193 1361 1347)
4(1180 1194 1362 1348)
4(1181 1195 1363 1349)
4(1182 1196 1364 1350)
4(1183 1197 1365 1351)
4(1184 1198 1366 1352)
4(1185 1199 1367 1353)
4(1186 1200 1368 1354)
4(1187 1201 1369 1355)
4(1188 1202 1370 1356)
4(1189 1203 1371 1357)
4(1190 1204 1372 1358)
4(1191 1205 1373 1359)
4(1192 1206 1374 1360)
4(1193 1207 1375 1361)
4(1376 1396 1656 1636)
4(703 885 1656 1396)
4(1377 1397 1657 1637)
4(1396 1656 1657 1397)
4(1378 1398 1658 1638)
4(1397 1657 1658 1398)
4(1379 1399 1659 1639)
4(1398 1658 1659 1399)
4(1380 1400 1660 1640)
4(1399 1659 1660 1400)
4(1381 1401 1661 1641)
4(1400 1660 1661 1401)
4(1382 1402 1662 1642)
4(1401 1661 1662 1402)
4(1383 1403 1663 1643)
4(1402 1662 1663 1403)
4(1384 1404 1664 1644)
4(1403 1663 1664 1404)
4(1385 1405 1665 1645)
4(1404 1664 1665 1405)
4(1386 1406 1666 1646)
4(1405 1665 1666 1406)
4(1387 1407 1667 1647)
4(1406 1666 1667 1407)
4(1388 1408 1668 1648)
4(1407 1667 1668 1408)
4(1389 1409 1669 1649)
4(1408 1668 1669 1409)
4(1390 1410 1670 1650)
4(1409 1669 1670 1410)
4(1391 1411 1671 1651)
4(1410 1670 1671 1411)
4(1392 1412 1672 1652)
4(1411 1671 1672 1412)
4(1393 1413 1673 1653)
4(1412 1672 1673 1413)
4(1394 1414 1674 1654)
4(1413 1673 1674 1414)
4(1414 1674 1675 1415)
4(1396 1416 1676 1656)
4(717 899 1676 1416)
4(1397 1417 1677 1657)
4(1416 1676 1677 1417)
4(1398 1418 1678 1658)
4(1417 1677 1678 1418)
4(1399 1419 1679 1659)
4(1418 1678 1679 1419)
4(1400 1420 1680 1660)
4(1419 1679 1680 1420)
4(1401 1421 1681 1661)
4(1420 1680 1681 1421)
4(1402 1422 1682 1662)
4(1421 1681 1682 1422)
4(1403 1423 1683 1663)
4(1422 1682 1683 1423)
4(1404 1424 1684 1664)
4(1423 1683 1684 1424)
4(1405 1425 1685 1665)
4(1424 1684 1685 1425)
4(1406 1426 1686 1666)
4(1425 1685 1686 1426)
4(1407 1427 1687 1667)
4(1426 1686 1687 1427)
4(1408 1428 1688 1668)
4(1427 1687 1688 1428)
4(1409 1429 1689 1669)
4(1428 1688 1689 1429)
4(1410 1430 1690 1670)
4(1429 1689 1690 1430)
4(1411 1431 1691 1671)
4(1430 1690 1691 1431)
4(1412 1432 1692 1672)
4(1431 1691 1692 1432)
4(1413 1433 1693 1673)
4(1432 1692 1693 1433)
4(1414 1434 1694 1674)
4(1433 1693 1694 1434)
4(1434 1694 1695 1435)
4(1416 1436 1696 1676)
4(731 913 1696 1436)
4(1417 1437 1697 1677)
4(1436 1696 1697 1437)
4(1418 1438 1698 1678)
4(1437 1697 1698 1438)
4(1419 1439 1699 1679)
4(1438 1698 1699 1439)
4(1420 1440 1700 1680)
4(1439 1699 1700 1440)
4(1421 1441 1701 1681)
4(1440 1700 1701 1441)
4(1422 1442 1702 1682)
4(1441 1701 1702 1442)
4(1423 1443 1703 1683)
4(1442 1702 1703 1443)
4(1424 1444 1704 1684)
4(1443 1703 1704 1444)
4(1425 1445 1705 1685)
4(1444 1704 1705 1445)
4(1426 1446 1706 1686)
4(1445 1705 1706 1446)
4(1427 1447 1707 1687)
4(1446 1706 1707 1447)
4(1428 1448 1708 1688)
4(1447 1707 1708 1448)
4(1429 1449 1709 1689)
4(1448 1708 1709 1449)
4(1430 1450 1710 1690)
4(1449 1709 1710 1450)
4(1431 1451 1711 1691)
4(1450 1710 1711 1451)
4(1432 1452 1712 1692)
4(1451 1711 1712 1452)
4(1433 1453 1713 1693)
4(1452 1712 1713 1453)
4(1434 1454 1714 1694)
4(1453 1713 1714 1454)
4(1454 1714 1715 1455)
4(1436 1456 1716 1696)
4(745 927 1716 1456)
4(1437 1457 1717 1697)
4(1456 1716 1717 1457)
4(1438 1458 1718 1698)
4(1457 1717 1718 1458)
4(1439 1459 1719 1699)
4(1458 1718 1719 1459)
4(1440 1460 1720 1700)
4(1459 1719 1720 1460)
4(1441 1461 1721 1701)
4(1460 1720 1721 1461)
4(1442 1462 1722 1702)
4(1461 1721 1722 1462)
4(1443 1463 1723 1703)
4(1462 1722 1723 1463)
4(1444 1464 1724 1704)
4(1463 1723 1724 1464)
4(1445 1465 1725 1705)
4(1464 1724 1725 1465)
4(1446 1466 1726 1706)
4(1465 1725 1726 1466)
4(1447 1467 1727 1707)
4(1466 1726 1727 1467)
4(1448 1468 1728 1708)
4(1467 1727 1728 1468)
4(1449 1469 1729 1709)
4(1468 1728 1729 1469)
4(1450 1470 1730 1710)
4(1469 1729 1730 1470)
4(1451 1471 1731 1711)
4(1470 1730 1731 1471)
4(1452 1472 1732 1712)
4(1471 1731 1732 1472)
4(1453 1473 1733 1713)
4(1472 1732 1733 1473)
4(1454 1474 1734 1714)
4(1473 1733 1734 1474)
4(1474 1734 1735 1475)
4(1456 1476 1736 1716)
4(759 941 1736 1476)
4(1457 1477 1737 1717)
4(1476 1736 1737 1477)
4(1458 1478 1738 1718)
4(1477 1737 1738 1478)
4(1459 1479 1739 1719)
4(1478 1738 1739 1479)
4(1460 1480 1740 1720)
4(1479 1739 1740 1480)
4(1461 1481 1741 1721)
4(1480 1740 1741 1481)
4(1462 1482 1742 1722)
4(1481 1741 1742 1482)
4(1463 1483 1743 1723)
4(1482 1742 1743 1483)
4(1464 1484 1744 1724)
4(1483 1743 1744 1484)
4(1465 1485 1745 1725)
4(1484 1744 1745 1485)
4(1466 1486 1746 1726)
4(1485 1745 1746 1486)
4(1467 1487 1747 1727)
4(1486 1746 1747 1487)
4(1468 1488 1748 1728)
4(1487 1747 1748 1488)
4(1469 1489 1749 1729)
4(1488 1748 1749 1489)
4(1470 1490 1750 1730)
4(1489 1749 1750 1490)
4(1471 1491 1751 1731)
4(1490 1750 1751 1491)
4(1472 1492 1752 1732)
4(1491 1751 1752 1492)
4(1473 1493 1753 1733)
4(1492 1752 1753 1493)
4(1474 1494 1754 1734)
4(1493 1753 1754 1494)
4(1494 1754 1755 1495)
4(1476 1496 1756 1736)
4(773 955 1756 1496)
4(1477 1497 1757 1737)
4(1496 1756 1757 1497)
4(1478 1498 1758 1738)
4(1497 1757 1758 1498)
4(1479 1499 1759 1739)
4(1498 1758 1759 1499)
4(1480 1500 1760 1740)
4(1499 1759 1760 1500)
4(1481 1501 1761 1741)
4(1500 1760 1761 1501)
4(1482 1502 1762 1742)
4(1501 1761 1762 1502)
4(1483 1503 1763 1743)
4(1502 1762 1763 1503)
4(1484 1504 1764 1744)
4(1503 1763 1764 1504)
4(1485 1505 1765 1745)
4(1504 1764 1765 1505)
4(1486 1506 1766 1746)
4(1505 1765 1766 1506)
4(1487 1507 1767 1747)
4(1506 1766 1767 1507)
4(1488 1508 1768 1748)
4(1507 1767 1768 1508)
4(1489 1509 1769 1749)
4(1508 1768 1769 1509)
4(1490 1510 1770 1750)
4(1509 1769 1770 1510)
4(1491 1511 1771 1751)
4(1510 1770 1771 1511)
4(1492 1512 1772 1752)
4(1511 1771 1772 1512)
4(1493 1513 1773 1753)
4(1512 1772 1773 1513)
4(1494 1514 1774 1754)
4(1513 1773 1774 1514)
4(1514 1774 1775 1515)
4(1496 1516 1776 1756)
4(787 969 1776 1516)
4(1497 1517 1777 1757)
4(1516 1776 1777 1517)
4(1498 1518 1778 1758)
4(1517 1777 1778 1518)
4(1499 1519 1779 1759)
4(1518 1778 1779 1519)
4(1500 1520 1780 1760)
4(1519 1779 1780 1520)
4(1501 1521 1781 1761)
4(1520 1780 1781 1521)
4(1502 1522 1782 1762)
4(1521 1781 1782 1522)
4(1503 1523 1783 1763)
4(1522 1782 1783 1523)
4(1504 1524 1784 1764)
4(1523 1783 1784 1524)
4(1505 1525 1785 1765)
4(1524 1784 1785 1525)
4(1506 1526 1786 1766)
4(1525 1785 1786 1526)
4(1507 1527 1787 1767)
4(1526 1786 1787 1527)
4(1508 1528 1788 1768)
4(1527 1787 1788 1528)
4(1509 1529 1789 1769)
4(1528 1788 1789 1529)
4(1510 1530 1790 1770)
4(1529 1789 1790 1530)
4(1511 1531 1791 1771)
4(1530 1790 1791 1531)
4(1512 1532 1792 1772)
4(1531 1791 1792 1532)
4(1513 1533 1793 1773)
4(1532 1792 1793 1533)
4(1514 1534 1794 1774)
4(1533 1793 1794 1534)
4(1534 1794 1795 1535)
4(1516 1536 1796 1776)
4(801 983 1796 1536)
4(1517 1537 1797 1777)
4(1536 1796 1797 1537)
4(1518 1538 1798 1778)
4(1537 1797 1798 1538)
4(1519 1539 1799 1779)
4(1538 1798 1799 1539)
4(1520 1540 1800 1780)
4(1539 1799 1800 1540)
4(1521 1541 1801 1781)
4(1540 1800 1801 1541)
4(1522 1542 1802 1782)
4(1541 1801 1802 1542)
4(1523 1543 1803 1783)
4(1542 1802 1803 1543)
4(1524 1544 1804 1784)
4(1543 1803 1804 1544)
4(1525 1545 1805 1785)
4(1544 1804 1805 1545)
4(1526 1546 1806 1786)
4(1545 1805 1806 1546)
4(1527 1547 1807 1787)
4(1546 1806 1807 1547)
4(1528 1548 1808 1788)
4(1547 1807 1808 1548)
4(1529 1549 1809 1789)
4(1548 1808 1809 1549)
4(1530 1550 1810 1790)
4(1549 1809 1810 1550)
4(1531 1551 1811 1791)
4(1550 1810 1811 1551)
4(1532 1552 1812 1792)
4(1551 1811 1812 1552)
4(1533 1553 1813 1793)
4(1552 1812 1813 1553)
4(1534 1554 1814 1794)
4(1553 1813 1814 1554)
4(1554 1814 1815 1555)
4(1536 1556 1816 1796)
4(815 997 1816 1556)
4(1537 1557 1817 1797)
4(1556 1816 1817 1557)
4(1538 1558 1818 1798)
4(1557 1817 1818 1558)
4(1539 1559 1819 1799)
4(1558 1818 1819 1559)
4(1540 1560 1820 1800)
4(1559 1819 1820 1560)
4(1541 1561 1821 1801)
4(1560 1820 1821 1561)
4(1542 1562 1822 1802)
4(1561 1821 1822 1562)
4(1543 1563 1823 1803)
4(1562 1822 1823 1563)
4(1544 1564 1824 1804)
4(1563 1823 1824 1564)
4(1545 1565 1825 1805)
4(1564 1824 1825 1565)
4(1546 1566 1826 1806)
4(1565 1825 1826 1566)
4(1547 1567 1827 1807)
4(1566 1826 1827 1567)
4(1548 1568 1828 1808)
4(1567 1827 1828 1568)
4(1549 1569 1829 1809)
4(1568 1828 1829 1569)
4(1550 1570 1830 1810)
4(1569 1829 1830 1570)
4(1551 1571 1831 1811)
4(1570 1830 1831 1571)
4(1552 1572 1832 1812)
4(1571 1831 1832 1572)
4(1553 1573 1833 1813)
4(1572 1832 1833 1573)
4(1554 1574 1834 1814)
4(1573 1833 1834 1574)
4(1574 1834 1835 1575)
4(1556 1576 1836 1816)
4(829 1011 1836 1576)
4(1557 1577 1837 1817)
4(1576 1836 1837 1577)
4(1558 1578 1838 1818)
4(1577 1837 1838 1578)
4(1559 1579 1839 1819)
4(1578 1838 1839 1579)
4(1560 1580 1840 1820)
4(1579 1839 1840 1580)
4(1561 1581 1841 1821)
4(1580 1840 1841 1581)
4(1562 1582 1842 1822)
4(1581 1841 1842 1582)
4(1563 1583 1843 1823)
4(1582 1842 1843 1583)
4(1564 1584 1844 1824)
4(1583 1843 1844 1584)
4(1565 1585 1845 1825)
4(1584 1844 1845 1585)
4(1566 1586 1846 1826)
4(1585 1845 1846 1586)
4(1567 1587 1847 1827)
4(1586 1846 1847 1587)
4(1568 1588 1848 1828)
4(1587 1847 1848 1588)
4(1569 1589 1849 1829)
4(1588 1848 1849 1589)
4(1570 1590 1850 1830)
4(1589 1849 1850 1590)
4(1571 1591 1851 1831)
4(1590 1850 1851 1591)
4(1572 1592 1852 1832)
4(1591 1851 1852 1592)
4(1573 1593 1853 1833)
4(1592 1852 1853 1593)
4(1574 1594 1854 1834)
4(1593 1853 1854 1594)
4(1594 1854 1855 1595)
4(1576 1596 1856 1836)
4(843 1025 1856 1596)
4(1577 1597 1857 1837)
4(1596 1856 1857 1597)
4(1578 1598 1858 1838)
4(1597 1857 1858 1598)
4(1579 1599 1859 1839)
4(1598 1858 1859 1599)
4(1580 1600 1860 1840)
4(1599 1859 1860 1600)
4(1581 1601 1861 1841)
4(1600 1860 1861 1601)
4(1582 1602 1862 1842)
4(1601 1861 1862 1602)
4(1583 1603 1863 1843)
4(1602 1862 1863 1603)
4(1584 1604 1864 1844)
4(1603 1863 1864 1604)
4(1585 1605 1865 1845)
4(1604 1864 1865 1605)
4(1586 1606 1866 1846)
4(1605 1865 1866 1606)
4(1587 1607 1867 1847)
4(1606 1866 1867 1607)
4(1588 1608 1868 1848)
4(1607 1867 1868 1608)
4(1589 1609 1869 1849)
4(1608 1868 1869 1609)
4(1590 1610 1870 1850)
4(1609 1869 1870 1610)
4(1591 1611 1871 1851)
4(1610 1870 1871 1611)
4(1592 1612 1872 1852)
4(1611 1871 1872 1612)
4(1593 1613 1873 1853)
4(1612 1872 1873 1613)
4(1594 1614 1874 1854)
4(1613 1873 1874 1614)
4(1614 1874 1875 1615)
4(1596 1616 1876 1856)
4(857 1039 1876 1616)
4(1597 1617 1877 1857)
4(1616 1876 1877 1617)
4(1598 1618 1878 1858)
4(1617 1877 1878 1618)
4(1599 1619 1879 1859)
4(1618 1878 1879 1619)
4(1600 1620 1880 1860)
4(1619 1879 1880 1620)
4(1601 1621 1881 1861)
4(1620 1880 1881 1621)
4(1602 1622 1882 1862)
4(1621 1881 1882 1622)
4(1603 1623 1883 1863)
4(1622 1882 1883 1623)
4(1604 1624 1884 1864)
4(1623 1883 1884 1624)
4(1605 1625 1885 1865)
4(1624 1884 1885 1625)
4(1606 1626 1886 1866)
4(1625 1885 1886 1626)
4(1607 1627 1887 1867)
4(1626 1886 1887 1627)
4(1608 1628 1888 1868)
4(1627 1887 1888 1628)
4(1609 1629 1889 1869)
4(1628 1888 1889 1629)
4(1610 1630 1890 1870)
4(1629 1889 1890 1630)
4(1611 1631 1891 1871)
4(1630 1890 1891 1631)
4(1612 1632 1892 1872)
4(1631 1891 1892 1632)
4(1613 1633 1893 1873)
4(1632 1892 1893 1633)
4(1614 1634 1894 1874)
4(1633 1893 1894 1634)
4(1634 1894 1895 1635)
4(1616 1897 1938 1876)
4(1896 1937 1938 1897)
4(1617 1898 1939 1877)
4(1897 1938 1939 1898)
4(1618 1899 1940 1878)
4(1898 1939 1940 1899)
4(1619 1900 1941 1879)
4(1899 1940 1941 1900)
4(1620 1901 1942 1880)
4(1900 1941 1942 1901)
4(1621 1902 1943 1881)
4(1901 1942 1943 1902)
4(1622 1903 1944 1882)
4(1902 1943 1944 1903)
4(1623 1904 1945 1883)
4(1903 1944 1945 1904)
4(1624 1905 1946 1884)
4(1904 1945 1946 1905)
4(1625 1906 1947 1885)
4(1905 1946 1947 1906)
4(1626 1907 1948 1886)
4(1906 1947 1948 1907)
4(1627 1908 1949 1887)
4(1907 1948 1949 1908)
4(1628 1909 1950 1888)
4(1908 1949 1950 1909)
4(1629 1910 1951 1889)
4(1909 1950 1951 1910)
4(1630 1911 1952 1890)
4(1910 1951 1952 1911)
4(1631 1912 1953 1891)
4(1911 1952 1953 1912)
4(1632 1913 1954 1892)
4(1912 1953 1954 1913)
4(1633 1914 1955 1893)
4(1913 1954 1955 1914)
4(1634 1915 1956 1894)
4(1914 1955 1956 1915)
4(1915 1956 1957 1916)
4(1897 1917 1958 1938)
4(1053 1221 1958 1917)
4(1898 1918 1959 1939)
4(1917 1958 1959 1918)
4(1899 1919 1960 1940)
4(1918 1959 1960 1919)
4(1900 1920 1961 1941)
4(1919 1960 1961 1920)
4(1901 1921 1962 1942)
4(1920 1961 1962 1921)
4(1902 1922 1963 1943)
4(1921 1962 1963 1922)
4(1903 1923 1964 1944)
4(1922 1963 1964 1923)
4(1904 1924 1965 1945)
4(1923 1964 1965 1924)
4(1905 1925 1966 1946)
4(1924 1965 1966 1925)
4(1906 1926 1967 1947)
4(1925 1966 1967 1926)
4(1907 1927 1968 1948)
4(1926 1967 1968 1927)
4(1908 1928 1969 1949)
4(1927 1968 1969 1928)
4(1909 1929 1970 1950)
4(1928 1969 1970 1929)
4(1910 1930 1971 1951)
4(1929 1970 1971 1930)
4(1911 1931 1972 1952)
4(1930 1971 1972 1931)
4(1912 1932 1973 1953)
4(1931 1972 1973 1932)
4(1913 1933 1974 1954)
4(1932 1973 1974 1933)
4(1914 1934 1975 1955)
4(1933 1974 1975 1934)
4(1915 1935 1976 1956)
4(1934 1975 1976 1935)
4(1935 1976 1977 1936)
4(1917 1978 2198 1958)
4(1067 1235 2198 1978)
4(1918 1979 2199 1959)
4(1978 2198 2199 1979)
4(1919 1980 2200 1960)
4(1979 2199 2200 1980)
4(1920 1981 2201 1961)
4(1980 2200 2201 1981)
4(1921 1982 2202 1962)
4(1981 2201 2202 1982)
4(1922 1983 2203 1963)
4(1982 2202 2203 1983)
4(1923 1984 2204 1964)
4(1983 2203 2204 1984)
4(1924 1985 2205 1965)
4(1984 2204 2205 1985)
4(1925 1986 2206 1966)
4(1985 2205 2206 1986)
4(1926 1987 2207 1967)
4(1986 2206 2207 1987)
4(1927 1988 2208 1968)
4(1987 2207 2208 1988)
4(1928 1989 2209 1969)
4(1988 2208 2209 1989)
4(1929 1990 2210 1970)
4(1989 2209 2210 1990)
4(1930 1991 2211 1971)
4(1990 2210 2211 1991)
4(1931 1992 2212 1972)
4(1991 2211 2212 1992)
4(1932 1993 2213 1973)
4(1992 2212 2213 1993)
4(1933 1994 2214 1974)
4(1993 2213 2214 1994)
4(1934 1995 2215 1975)
4(1994 2214 2215 1995)
4(1935 1996 2216 1976)
4(1995 2215 2216 1996)
4(1996 2216 2217 1997)
4(1978 1998 2218 2198)
4(1081 1249 2218 1998)
4(1979 1999 2219 2199)
4(1998 2218 2219 1999)
4(1980 2000 2220 2200)
4(1999 2219 2220 2000)
4(1981 2001 2221 2201)
4(2000 2220 2221 2001)
4(1982 2002 2222 2202)
4(2001 2221 2222 2002)
4(1983 2003 2223 2203)
4(2002 2222 2223 2003)
4(1984 2004 2224 2204)
4(2003 2223 2224 2004)
4(1985 2005 2225 2205)
4(2004 2224 2225 2005)
4(1986 2006 2226 2206)
4(2005 2225 2226 2006)
4(1987 2007 2227 2207)
4(2006 2226 2227 2007)
4(1988 2008 2228 2208)
4(2007 2227 2228 2008)
4(1989 2009 2229 2209)
4(2008 2228 2229 2009)
4(1990 2010 2230 2210)
4(2009 2229 2230 2010)
4(1991 2011 2231 2211)
4(2010 2230 2231 2011)
4(1992 2012 2232 2212)
4(2011 2231 2232 2012)
4(1993 2013 2233 2213)
4(2012 2232 2233 2013)
4(1994 2014 2234 2214)
4(2013 2233 2234 2014)
4(1995 2015 2235 2215)
4(2014 2234 2235 2015)
4(1996 2016 2236 2216)
4(2015 2235 2236 2016)
4(2016 2236 2237 2017)
4(1998 2018 2238 2218)
4(1095 1263 2238 2018)
4(1999 2019 2239 2219)
4(2018 2238 2239 2019)
4(2000 2020 2240 2220)
4(2019 2239 2240 2020)
4(2001 2021 2241 2221)
4(2020 2240 2241 2021)
4(2002 2022 2242 2222)
4(2021 2241 2242 2022)
4(2003 2023 2243 2223)
4(2022 2242 2243 2023)
4(2004 2024 2244 2224)
4(2023 2243 2244 2024)
4(2005 2025 2245 2225)
4(2024 2244 2245 2025)
4(2006 2026 2246 2226)
4(2025 2245 2246 2026)
4(2007 2027 2247 2227)
4(2026 2246 2247 2027)
4(2008 2028 2248 2228)
4(2027 2247 2248 2028)
4(2009 2029 2249 2229)
4(2028 2248 2249 2029)
4(2010 2030 2250 2230)
4(2029 2249 2250 2030)
4(2011 2031 2251 2231)
4(2030 2250 2251 2031)
4(2012 2032 2252 2232)
4(2031 2251 2252 2032)
4(2013 2033 2253 2233)
4(2032 2252 2253 2033)
4(2014 2034 2254 2234)
4(2033 2253 2254 2034)
4(2015 2035 2255 2235)
4(2034 2254 2255 2035)
4(2016 2036 2256 2236)
4(2035 2255 2256 2036)
4(2036 2256 2257 2037)
4(2018 2038 2258 2238)
4(1109 1277 2258 2038)
4(2019 2039 2259 2239)
4(2038 2258 2259 2039)
4(2020 2040 2260 2240)
4(2039 2259 2260 2040)
4(2021 2041 2261 2241)
4(2040 2260 2261 2041)
4(2022 2042 2262 2242)
4(2041 2261 2262 2042)
4(2023 2043 2263 2243)
4(2042 2262 2263 2043)
4(2024 2044 2264 2244)
4(2043 2263 2264 2044)
4(2025 2045 2265 2245)
4(2044 2264 2265 2045)
4(2026 2046 2266 2246)
4(2045 2265 2266 2046)
4(2027 2047 2267 2247)
4(2046 2266 2267 2047)
4(2028 2048 2268 2248)
4(2047 2267 2268 2048)
4(2029 2049 2269 2249)
4(2048 2268 2269 2049)
4(2030 2050 2270 2250)
4(2049 2269 2270 2050)
4(2031 2051 2271 2251)
4(2050 2270 2271 2051)
4(2032 2052 2272 2252)
4(2051 2271 2272 2052)
4(2033 2053 2273 2253)
4(2052 2272 2273 2053)
4(2034 2054 2274 2254)
4(2053 2273 2274 2054)
4(2035 2055 2275 2255)
4(2054 2274 2275 2055)
4(2036 2056 2276 2256)
4(2055 2275 2276 2056)
4(2056 2276 2277 2057)
4(2038 2058 2278 2258)
4(1123 1291 2278 2058)
4(2039 2059 2279 2259)
4(2058 2278 2279 2059)
4(2040 2060 2280 2260)
4(2059 2279 2280 2060)
4(2041 2061 2281 2261)
4(2060 2280 2281 2061)
4(2042 2062 2282 2262)
4(2061 2281 2282 2062)
4(2043 2063 2283 2263)
4(2062 2282 2283 2063)
4(2044 2064 2284 2264)
4(2063 2283 2284 2064)
4(2045 2065 2285 2265)
4(2064 2284 2285 2065)
4(2046 2066 2286 2266)
4(2065 2285 2286 2066)
4(2047 2067 2287 2267)
4(2066 2286 2287 2067)
4(2048 2068 2288 2268)
4(2067 2287 2288 2068)
4(2049 2069 2289 2269)
4(2068 2288 2289 2069)
4(2050 2070 2290 2270)
4(2069 2289 2290 2070)
4(2051 2071 2291 2271)
4(2070 2290 2291 2071)
4(2052 2072 2292 2272)
4(2071 2291 2292 2072)
4(2053 2073 2293 2273)
4(2072 2292 2293 2073)
4(2054 2074 2294 2274)
4(2073 2293 2294 2074)
4(2055 2075 2295 2275)
4(2074 2294 2295 2075)
4(2056 2076 2296 2276)
4(2075 2295 2296 2076)
4(2076 2296 2297 2077)
4(2058 2078 2298 2278)
4(1137 1305 2298 2078)
4(2059 2079 2299 2279)
4(2078 2298 2299 2079)
4(2060 2080 2300 2280)
4(2079 2299 2300 2080)
4(2061 2081 2301 2281)
4(2080 2300 2301 2081)
4(2062 2082 2302 2282)
4(2081 2301 2302 2082)
4(2063 2083 2303 2283)
4(2082 2302 2303 2083)
4(2064 2084 2304 2284)
4(2083 2303 2304 2084)
4(2065 2085 2305 2285)
4(2084 2304 2305 2085)
4(2066 2086 2306 2286)
4(2085 2305 2306 2086)
4(2067 2087 2307 2287)
4(2086 2306 2307 2087)
4(2068 2088 2308 2288)
4(2087 2307 2308 2088)
4(2069 2089 2309 2289)
4(2088 2308 2309 2089)
4(2070 2090 2310 2290)
4(2089 2309 2310 2090)
4(2071 2091 2311 2291)
4(2090 2310 2311 2091)
4(2072 2092 2312 2292)
4(2091 2311 2312 2092)
4(2073 2093 2313 2293)
4(2092 2312 2313 2093)
4(2074 2094 2314 2294)
4(2093 2313 2314 2094)
4(2075 2095 2315 2295)
4(2094 2314 2315 2095)
4(2076 2096 2316 2296)
4(2095 2315 2316 2096)
4(2096 2316 2317 2097)
4(2078 2098 2318 2298)
4(1151 1319 2318 2098)
4(2079 2099 2319 2299)
4(2098 2318 2319 2099)
4(2080 2100 2320 2300)
4(2099 2319 2320 2100)
4(2081 2101 2321 2301)
4(2100 2320 2321 2101)
4(2082 2102 2322 2302)
4(2101 2321 2322 2102)
4(2083 2103 2323 2303)
4(2102 2322 2323 2103)
4(2084 2104 2324 2304)
4(2103 2323 2324 2104)
4(2085 2105 2325 2305)
4(2104 2324 2325 2105)
4(2086 2106 2326 2306)
4(2105 2325 2326 2106)
4(2087 2107 2327 2307)
4(2106 2326 2327 2107)
4(2088 2108 2328 2308)
4(2107 2327 2328 2108)
4(2089 2109 2329 2309)
4(2108 2328 2329 2109)
4(2090 2110 2330 2310)
4(2109 2329 2330 2110)
4(2091 2111 2331 2311)
4(2110 2330 2331 2111)
4(2092 2112 2332 2312)
4(2111 2331 2332 2112)
4(2093 2113 2333 2313)
4(2112 2332 2333 2113)
4(2094 2114 2334 2314)
4(2113 2333 2334 2114)
4(2095 2115 2335 2315)
4(2114 2334 2335 2115)
4(2096 2116 2336 2316)
4(2115 2335 2336 2116)
4(2116 2336 2337 2117)
4(2098 2118 2338 2318)
4(1165 1333 2338 2118)
4(2099 2119 2339 2319)
4(2118 2338 2339 2119)
4(2100 2120 2340 2320)
4(2119 2339 2340 2120)
4(2101 2121 2341 2321)
4(2120 2340 2341 2121)
4(2102 2122 2342 2322)
4(2121 2341 2342 2122)
4(2103 2123 2343 2323)
4(2122 2342 2343 2123)
4(2104 2124 2344 2324)
4(2123 2343 2344 2124)
4(2105 2125 2345 2325)
4(2124 2344 2345 2125)
4(2106 2126 2346 2326)
4(2125 2345 2346 2126)
4(2107 2127 2347 2327)
4(2126 2346 2347 2127)
4(2108 2128 2348 2328)
4(2127 2347 2348 2128)
4(2109 2129 2349 2329)
4(2128 2348 2349 2129)
4(2110 2130 2350 2330)
4(2129 2349 2350 2130)
4(2111 2131 2351 2331)
4(2130 2350 2351 2131)
4(2112 2132 2352 2332)
4(2131 2351 2352 2132)
4(2113 2133 2353 2333)
4(2132 2352 2353 2133)
4(2114 2134 2354 2334)
4(2133 2353 2354 2134)
4(2115 2135 2355 2335)
4(2134 2354 2355 2135)
4(2116 2136 2356 2336)
4(2135 2355 2356 2136)
4(2136 2356 2357 2137)
4(2118 2138 2358 2338)
4(1179 1347 2358 2138)
4(2119 2139 2359 2339)
4(2138 2358 2359 2139)
4(2120 2140 2360 2340)
4(2139 2359 2360 2140)
4(2121 2141 2361 2341)
4(2140 2360 2361 2141)
4(2122 2142 2362 2342)
4(2141 2361 2362 2142)
4(2123 2143 2363 2343)
4(2142 2362 2363 2143)
4(2124 2144 2364 2344)
4(2143 2363 2364 2144)
4(2125 2145 2365 2345)
4(2144 2364 2365 2145)
4(2126 2146 2366 2346)
4(2145 2365 2366 2146)
4(2127 2147 2367 2347)
4(2146 2366 2367 2147)
4(2128 2148 2368 2348)
4(2147 2367 2368 2148)
4(2129 2149 2369 2349)
4(2148 2368 2369 2149)
4(2130 2150 2370 2350)
4(2149 2369 2370 2150)
4(2131 2151 2371 2351)
4(2150 2370 2371 2151)
4(2132 2152 2372 2352)
4(2151 2371 2372 2152)
4(2133 2153 2373 2353)
4(2152 2372 2373 2153)
4(2134 2154 2374 2354)
4(2153 2373 2374 2154)
4(2135 2155 2375 2355)
4(2154 2374 2375 2155)
4(2136 2156 2376 2356)
4(2155 2375 2376 2156)
4(2156 2376 2377 2157)
4(2138 2158 2378 2358)
4(1193 1361 2378 2158)
4(2139 2159 2379 2359)
4(2158 2378 2379 2159)
4(2140 2160 2380 2360)
4(2159 2379 2380 2160)
4(2141 2161 2381 2361)
4(2160 2380 2381 2161)
4(2142 2162 2382 2362)
4(2161 2381 2382 2162)
4(2143 2163 2383 2363)
4(2162 2382 2383 2163)
4(2144 2164 2384 2364)
4(2163 2383 2384 2164)
4(2145 2165 2385 2365)
4(2164 2384 2385 2165)
4(2146 2166 2386 2366)
4(2165 2385 2386 2166)
4(2147 2167 2387 2367)
4(2166 2386 2387 2167)
4(2148 2168 2388 2368)
4(2167 2387 2388 2168)
4(2149 2169 2389 2369)
4(2168 2388 2389 2169)
4(2150 2170 2390 2370)
4(2169 2389 2390 2170)
4(2151 2171 2391 2371)
4(2170 2390 2391 2171)
4(2152 2172 2392 2372)
4(2171 2391 2392 2172)
4(2153 2173 2393 2373)
4(2172 2392 2393 2173)
4(2154 2174 2394 2374)
4(2173 2393 2394 2174)
4(2155 2175 2395 2375)
4(2174 2394 2395 2175)
4(2156 2176 2396 2376)
4(2175 2395 2396 2176)
4(2176 2396 2397 2177)
4(2158 2178 2398 2378)
4(2159 2179 2399 2379)
4(2160 2180 2400 2380)
4(2161 2181 2401 2381)
4(2162 2182 2402 2382)
4(2163 2183 2403 2383)
4(2164 2184 2404 2384)
4(2165 2185 2405 2385)
4(2166 2186 2406 2386)
4(2167 2187 2407 2387)
4(2168 2188 2408 2388)
4(2169 2189 2409 2389)
4(2170 2190 2410 2390)
4(2171 2191 2411 2391)
4(2172 2192 2412 2392)
4(2173 2193 2413 2393)
4(2174 2194 2414 2394)
4(2175 2195 2415 2395)
4(2176 2196 2416 2396)
4(0 13 14 1)
4(13 26 27 14)
4(26 39 40 27)
4(39 52 53 40)
4(52 65 66 53)
4(65 78 79 66)
4(78 91 92 79)
4(91 104 105 92)
4(104 117 118 105)
4(117 130 131 118)
4(130 143 144 131)
4(143 156 157 144)
4(1 14 15 2)
4(14 27 28 15)
4(27 40 41 28)
4(40 53 54 41)
4(53 66 67 54)
4(66 79 80 67)
4(79 92 93 80)
4(92 105 106 93)
4(105 118 119 106)
4(118 131 132 119)
4(131 144 145 132)
4(144 157 158 145)
4(2 15 16 3)
4(15 28 29 16)
4(28 41 42 29)
4(41 54 55 42)
4(54 67 68 55)
4(67 80 81 68)
4(80 93 94 81)
4(93 106 107 94)
4(106 119 120 107)
4(119 132 133 120)
4(132 145 146 133)
4(145 158 159 146)
4(3 16 17 4)
4(16 29 30 17)
4(29 42 43 30)
4(42 55 56 43)
4(55 68 69 56)
4(68 81 82 69)
4(81 94 95 82)
4(94 107 108 95)
4(107 120 121 108)
4(120 133 134 121)
4(133 146 147 134)
4(146 159 160 147)
4(4 17 18 5)
4(17 30 31 18)
4(30 43 44 31)
4(43 56 57 44)
4(56 69 70 57)
4(69 82 83 70)
4(82 95 96 83)
4(95 108 109 96)
4(108 121 122 109)
4(121 134 135 122)
4(134 147 148 135)
4(147 160 161 148)
4(5 18 19 6)
4(18 31 32 19)
4(31 44 45 32)
4(44 57 58 45)
4(57 70 71 58)
4(70 83 84 71)
4(83 96 97 84)
4(96 109 110 97)
4(109 122 123 110)
4(122 135 136 123)
4(135 148 149 136)
4(148 161 162 149)
4(6 19 20 7)
4(19 32 33 20)
4(32 45 46 33)
4(45 58 59 46)
4(58 71 72 59)
4(71 84 85 72)
4(84 97 98 85)
4(97 110 111 98)
4(110 123 124 111)
4(123 136 137 124)
4(136 149 150 137)
4(149 162 163 150)
4(7 20 21 8)
4(20 33 34 21)
4(33 46 47 34)
4(46 59 60 47)
4(59 72 73 60)
4(72 85 86 73)
4(85 98 99 86)
4(98 111 112 99)
4(111 124 125 112)
4(124 137 138 125)
4(137 150 151 138)
4(150 163 164 151)
4(8 21 22 9)
4(21 34 35 22)
4(34 47 48 35)
4(47 60 61 48)
4(60 73 74 61)
4(73 86 87 74)
4(86 99 100 87)
4(99 112 113 100)
4(112 125 126 113)
4(125 138 139 126)
4(138 151 152 139)
4(151 164 165 152)
4(9 22 23 10)
4(22 35 36 23)
4(35 48 49 36)
4(48 61 62 49)
4(61 74 75 62)
4(74 87 88 75)
4(87 100 101 88)
4(100 113 114 101)
4(113 126 127 114)
4(126 139 140 127)
4(139 152 153 140)
4(152 165 166 153)
4(10 23 24 11)
4(23 36 37 24)
4(36 49 50 37)
4(49 62 63 50)
4(62 75 76 63)
4(75 88 89 76)
4(88 101 102 89)
4(101 114 115 102)
4(114 127 128 115)
4(127 140 141 128)
4(140 153 154 141)
4(153 166 167 154)
4(11 24 25 12)
4(24 37 38 25)
4(37 50 51 38)
4(50 63 64 51)
4(63 76 77 64)
4(76 89 90 77)
4(89 102 103 90)
4(102 115 116 103)
4(115 128 129 116)
4(128 141 142 129)
4(141 154 155 142)
4(154 167 168 155)
4(156 338 339 157)
4(338 351 352 339)
4(157 339 340 158)
4(339 352 353 340)
4(158 340 341 159)
4(340 353 354 341)
4(159 341 342 160)
4(341 354 355 342)
4(160 342 343 161)
4(342 355 356 343)
4(161 343 344 162)
4(343 356 357 344)
4(162 344 345 163)
4(344 357 358 345)
4(163 345 346 164)
4(345 358 359 346)
4(164 346 347 165)
4(346 359 360 347)
4(165 347 348 166)
4(347 360 361 348)
4(166 348 349 167)
4(348 361 362 349)
4(167 349 350 168)
4(349 362 363 350)
4(351 390 391 352)
4(390 403 404 391)
4(403 416 417 404)
4(416 429 430 417)
4(429 442 443 430)
4(442 455 456 443)
4(455 468 469 456)
4(468 481 482 469)
4(481 494 495 482)
4(494 507 508 495)
4(507 520 521 508)
4(352 391 392 353)
4(391 404 405 392)
4(404 417 418 405)
4(417 430 431 418)
4(430 443 444 431)
4(443 456 457 444)
4(456 469 470 457)
4(469 482 483 470)
4(482 495 496 483)
4(495 508 509 496)
4(508 521 522 509)
4(353 392 393 354)
4(392 405 406 393)
4(405 418 419 406)
4(418 431 432 419)
4(431 444 445 432)
4(444 457 458 445)
4(457 470 471 458)
4(470 483 484 471)
4(483 496 497 484)
4(496 509 510 497)
4(509 522 523 510)
4(354 393 394 355)
4(393 406 407 394)
4(406 419 420 407)
4(419 432 433 420)
4(432 445 446 433)
4(445 458 459 446)
4(458 471 472 459)
4(471 484 485 472)
4(484 497 498 485)
4(497 510 511 498)
4(510 523 524 511)
4(355 394 395 356)
4(394 407 408 395)
4(407 420 421 408)
4(420 433 434 421)
4(433 446 447 434)
4(446 459 460 447)
4(459 472 473 460)
4(472 485 486 473)
4(485 498 499 486)
4(498 511 512 499)
4(511 524 525 512)
4(356 395 396 357)
4(395 408 409 396)
4(408 421 422 409)
4(421 434 435 422)
4(434 447 448 435)
4(447 460 461 448)
4(460 473 474 461)
4(473 486 487 474)
4(486 499 500 487)
4(499 512 513 500)
4(512 525 526 513)
4(357 396 397 358)
4(396 409 410 397)
4(409 422 423 410)
4(422 435 436 423)
4(435 448 449 436)
4(448 461 462 449)
4(461 474 475 462)
4(474 487 488 475)
4(487 500 501 488)
4(500 513 514 501)
4(513 526 527 514)
4(358 397 398 359)
4(397 410 411 398)
4(410 423 424 411)
4(423 436 437 424)
4(436 449 450 437)
4(449 462 463 450)
4(462 475 476 463)
4(475 488 489 476)
4(488 501 502 489)
4(501 514 515 502)
4(514 527 528 515)
4(359 398 399 360)
4(398 411 412 399)
4(411 424 425 412)
4(424 437 438 425)
4(437 450 451 438)
4(450 463 464 451)
4(463 476 477 464)
4(476 489 490 477)
4(489 502 503 490)
4(502 515 516 503)
4(515 528 529 516)
4(360 399 400 361)
4(399 412 413 400)
4(412 425 426 413)
4(425 438 439 426)
4(438 451 452 439)
4(451 464 465 452)
4(464 477 478 465)
4(477 490 491 478)
4(490 503 504 491)
4(503 516 517 504)
4(516 529 530 517)
4(361 400 401 362)
4(400 413 414 401)
4(413 426 427 414)
4(426 439 440 427)
4(439 452 453 440)
4(452 465 466 453)
4(465 478 479 466)
4(478 491 492 479)
4(491 504 505 492)
4(504 517 518 505)
4(517 530 531 518)
4(362 401 402 363)
4(401 414 415 402)
4(414 427 428 415)
4(427 440 441 428)
4(440 453 454 441)
4(453 466 467 454)
4(466 479 480 467)
4(479 492 493 480)
4(492 505 506 493)
4(505 518 519 506)
4(518 531 532 519)
4(12 25 690 676)
4(25 38 704 690)
4(38 51 718 704)
4(51 64 732 718)
4(64 77 746 732)
4(77 90 760 746)
4(90 103 774 760)
4(103 116 788 774)
4(116 129 802 788)
4(129 142 816 802)
4(142 155 830 816)
4(155 168 844 830)
4(676 690 691 677)
4(690 704 705 691)
4(704 718 719 705)
4(718 732 733 719)
4(732 746 747 733)
4(746 760 761 747)
4(760 774 775 761)
4(774 788 789 775)
4(788 802 803 789)
4(802 816 817 803)
4(816 830 831 817)
4(830 844 845 831)
4(677 691 692 678)
4(691 705 706 692)
4(705 719 720 706)
4(719 733 734 720)
4(733 747 748 734)
4(747 761 762 748)
4(761 775 776 762)
4(775 789 790 776)
4(789 803 804 790)
4(803 817 818 804)
4(817 831 832 818)
4(831 845 846 832)
4(678 692 693 679)
4(692 706 707 693)
4(706 720 721 707)
4(720 734 735 721)
4(734 748 749 735)
4(748 762 763 749)
4(762 776 777 763)
4(776 790 791 777)
4(790 804 805 791)
4(804 818 819 805)
4(818 832 833 819)
4(832 846 847 833)
4(679 693 694 680)
4(693 707 708 694)
4(707 721 722 708)
4(721 735 736 722)
4(735 749 750 736)
4(749 763 764 750)
4(763 777 778 764)
4(777 791 792 778)
4(791 805 806 792)
4(805 819 820 806)
4(819 833 834 820)
4(833 847 848 834)
4(680 694 695 681)
4(694 708 709 695)
4(708 722 723 709)
4(722 736 737 723)
4(736 750 751 737)
4(750 764 765 751)
4(764 778 779 765)
4(778 792 793 779)
4(792 806 807 793)
4(806 820 821 807)
4(820 834 835 821)
4(834 848 849 835)
4(681 695 696 682)
4(695 709 710 696)
4(709 723 724 710)
4(723 737 738 724)
4(737 751 752 738)
4(751 765 766 752)
4(765 779 780 766)
4(779 793 794 780)
4(793 807 808 794)
4(807 821 822 808)
4(821 835 836 822)
4(835 849 850 836)
4(682 696 697 683)
4(696 710 711 697)
4(710 724 725 711)
4(724 738 739 725)
4(738 752 753 739)
4(752 766 767 753)
4(766 780 781 767)
4(780 794 795 781)
4(794 808 809 795)
4(808 822 823 809)
4(822 836 837 823)
4(836 850 851 837)
4(683 697 698 684)
4(697 711 712 698)
4(711 725 726 712)
4(725 739 740 726)
4(739 753 754 740)
4(753 767 768 754)
4(767 781 782 768)
4(781 795 796 782)
4(795 809 810 796)
4(809 823 824 810)
4(823 837 838 824)
4(837 851 852 838)
4(684 698 699 685)
4(698 712 713 699)
4(712 726 727 713)
4(726 740 741 727)
4(740 754 755 741)
4(754 768 769 755)
4(768 782 783 769)
4(782 796 797 783)
4(796 810 811 797)
4(810 824 825 811)
4(824 838 839 825)
4(838 852 853 839)
4(685 699 700 686)
4(699 713 714 700)
4(713 727 728 714)
4(727 741 742 728)
4(741 755 756 742)
4(755 769 770 756)
4(769 783 784 770)
4(783 797 798 784)
4(797 811 812 798)
4(811 825 826 812)
4(825 839 840 826)
4(839 853 854 840)
4(686 700 701 687)
4(700 714 715 701)
4(714 728 729 715)
4(728 742 743 729)
4(742 756 757 743)
4(756 770 771 757)
4(770 784 785 771)
4(784 798 799 785)
4(798 812 813 799)
4(812 826 827 813)
4(826 840 841 827)
4(840 854 855 841)
4(687 701 702 688)
4(701 715 716 702)
4(715 729 730 716)
4(729 743 744 730)
4(743 757 758 744)
4(757 771 772 758)
4(771 785 786 772)
4(785 799 800 786)
4(799 813 814 800)
4(813 827 828 814)
4(827 841 842 828)
4(841 855 856 842)
4(688 702 703 689)
4(702 716 717 703)
4(716 730 731 717)
4(730 744 745 731)
4(744 758 759 745)
4(758 772 773 759)
4(772 786 787 773)
4(786 800 801 787)
4(800 814 815 801)
4(814 828 829 815)
4(828 842 843 829)
4(842 856 857 843)
4(363 402 1054 1040)
4(402 415 1068 1054)
4(415 428 1082 1068)
4(428 441 1096 1082)
4(441 454 1110 1096)
4(454 467 1124 1110)
4(467 480 1138 1124)
4(480 493 1152 1138)
4(493 506 1166 1152)
4(506 519 1180 1166)
4(519 532 1194 1180)
4(1040 1054 1055 1041)
4(1054 1068 1069 1055)
4(1068 1082 1083 1069)
4(1082 1096 1097 1083)
4(1096 1110 1111 1097)
4(1110 1124 1125 1111)
4(1124 1138 1139 1125)
4(1138 1152 1153 1139)
4(1152 1166 1167 1153)
4(1166 1180 1181 1167)
4(1180 1194 1195 1181)
4(1041 1055 1056 1042)
4(1055 1069 1070 1056)
4(1069 1083 1084 1070)
4(1083 1097 1098 1084)
4(1097 1111 1112 1098)
4(1111 1125 1126 1112)
4(1125 1139 1140 1126)
4(1139 1153 1154 1140)
4(1153 1167 1168 1154)
4(1167 1181 1182 1168)
4(1181 1195 1196 1182)
4(1042 1056 1057 1043)
4(1056 1070 1071 1057)
4(1070 1084 1085 1071)
4(1084 1098 1099 1085)
4(1098 1112 1113 1099)
4(1112 1126 1127 1113)
4(1126 1140 1141 1127)
4(1140 1154 1155 1141)
4(1154 1168 1169 1155)
4(1168 1182 1183 1169)
4(1182 1196 1197 1183)
4(1043 1057 1058 1044)
4(1057 1071 1072 1058)
4(1071 1085 1086 1072)
4(1085 1099 1100 1086)
4(1099 1113 1114 1100)
4(1113 1127 1128 1114)
4(1127 1141 1142 1128)
4(1141 1155 1156 1142)
4(1155 1169 1170 1156)
4(1169 1183 1184 1170)
4(1183 1197 1198 1184)
4(1044 1058 1059 1045)
4(1058 1072 1073 1059)
4(1072 1086 1087 1073)
4(1086 1100 1101 1087)
4(1100 1114 1115 1101)
4(1114 1128 1129 1115)
4(1128 1142 1143 1129)
4(1142 1156 1157 1143)
4(1156 1170 1171 1157)
4(1170 1184 1185 1171)
4(1184 1198 1199 1185)
4(1045 1059 1060 1046)
4(1059 1073 1074 1060)
4(1073 1087 1088 1074)
4(1087 1101 1102 1088)
4(1101 1115 1116 1102)
4(1115 1129 1130 1116)
4(1129 1143 1144 1130)
4(1143 1157 1158 1144)
4(1157 1171 1172 1158)
4(1171 1185 1186 1172)
4(1185 1199 1200 1186)
4(1046 1060 1061 1047)
4(1060 1074 1075 1061)
4(1074 1088 1089 1075)
4(1088 1102 1103 1089)
4(1102 1116 1117 1103)
4(1116 1130 1131 1117)
4(1130 1144 1145 1131)
4(1144 1158 1159 1145)
4(1158 1172 1173 1159)
4(1172 1186 1187 1173)
4(1186 1200 1201 1187)
4(1047 1061 1062 1048)
4(1061 1075 1076 1062)
4(1075 1089 1090 1076)
4(1089 1103 1104 1090)
4(1103 1117 1118 1104)
4(1117 1131 1132 1118)
4(1131 1145 1146 1132)
4(1145 1159 1160 1146)
4(1159 1173 1174 1160)
4(1173 1187 1188 1174)
4(1187 1201 1202 1188)
4(1048 1062 1063 1049)
4(1062 1076 1077 1063)
4(1076 1090 1091 1077)
4(1090 1104 1105 1091)
4(1104 1118 1119 1105)
4(1118 1132 1133 1119)
4(1132 1146 1147 1133)
4(1146 1160 1161 1147)
4(1160 1174 1175 1161)
4(1174 1188 1189 1175)
4(1188 1202 1203 1189)
4(1049 1063 1064 1050)
4(1063 1077 1078 1064)
4(1077 1091 1092 1078)
4(1091 1105 1106 1092)
4(1105 1119 1120 1106)
4(1119 1133 1134 1120)
4(1133 1147 1148 1134)
4(1147 1161 1162 1148)
4(1161 1175 1176 1162)
4(1175 1189 1190 1176)
4(1189 1203 1204 1190)
4(1050 1064 1065 1051)
4(1064 1078 1079 1065)
4(1078 1092 1093 1079)
4(1092 1106 1107 1093)
4(1106 1120 1121 1107)
4(1120 1134 1135 1121)
4(1134 1148 1149 1135)
4(1148 1162 1163 1149)
4(1162 1176 1177 1163)
4(1176 1190 1191 1177)
4(1190 1204 1205 1191)
4(1051 1065 1066 1052)
4(1065 1079 1080 1066)
4(1079 1093 1094 1080)
4(1093 1107 1108 1094)
4(1107 1121 1122 1108)
4(1121 1135 1136 1122)
4(1135 1149 1150 1136)
4(1149 1163 1164 1150)
4(1163 1177 1178 1164)
4(1177 1191 1192 1178)
4(1191 1205 1206 1192)
4(1052 1066 1067 1053)
4(1066 1080 1081 1067)
4(1080 1094 1095 1081)
4(1094 1108 1109 1095)
4(1108 1122 1123 1109)
4(1122 1136 1137 1123)
4(1136 1150 1151 1137)
4(1150 1164 1165 1151)
4(1164 1178 1179 1165)
4(1178 1192 1193 1179)
4(1192 1206 1207 1193)
4(689 703 1396 1376)
4(703 717 1416 1396)
4(717 731 1436 1416)
4(731 745 1456 1436)
4(745 759 1476 1456)
4(759 773 1496 1476)
4(773 787 1516 1496)
4(787 801 1536 1516)
4(801 815 1556 1536)
4(815 829 1576 1556)
4(829 843 1596 1576)
4(843 857 1616 1596)
4(1376 1396 1397 1377)
4(1396 1416 1417 1397)
4(1416 1436 1437 1417)
4(1436 1456 1457 1437)
4(1456 1476 1477 1457)
4(1476 1496 1497 1477)
4(1496 1516 1517 1497)
4(1516 1536 1537 1517)
4(1536 1556 1557 1537)
4(1556 1576 1577 1557)
4(1576 1596 1597 1577)
4(1596 1616 1617 1597)
4(1377 1397 1398 1378)
4(1397 1417 1418 1398)
4(1417 1437 1438 1418)
4(1437 1457 1458 1438)
4(1457 1477 1478 1458)
4(1477 1497 1498 1478)
4(1497 1517 1518 1498)
4(1517 1537 1538 1518)
4(1537 1557 1558 1538)
4(1557 1577 1578 1558)
4(1577 1597 1598 1578)
4(1597 1617 1618 1598)
4(1378 1398 1399 1379)
4(1398 1418 1419 1399)
4(1418 1438 1439 1419)
4(1438 1458 1459 1439)
4(1458 1478 1479 1459)
4(1478 1498 1499 1479)
4(1498 1518 1519 1499)
4(1518 1538 1539 1519)
4(1538 1558 1559 1539)
4(1558 1578 1579 1559)
4(1578 1598 1599 1579)
4(1598 1618 1619 1599)
4(1379 1399 1400 1380)
4(1399 1419 1420 1400)
4(1419 1439 1440 1420)
4(1439 1459 1460 1440)
4(1459 1479 1480 1460)
4(1479 1499 1500 1480)
4(1499 1519 1520 1500)
4(1519 1539 1540 1520)
4(1539 1559 1560 1540)
4(1559 1579 1580 1560)
4(1579 1599 1600 1580)
4(1599 1619 1620 1600)
4(1380 1400 1401 1381)
4(1400 1420 1421 1401)
4(1420 1440 1441 1421)
4(1440 1460 1461 1441)
4(1460 1480 1481 1461)
4(1480 1500 1501 1481)
4(1500 1520 1521 1501)
4(1520 1540 1541 1521)
4(1540 1560 1561 1541)
4(1560 1580 1581 1561)
4(1580 1600 1601 1581)
4(1600 1620 1621 1601)
4(1381 1401 1402 1382)
4(1401 1421 1422 1402)
4(1421 1441 1442 1422)
4(1441 1461 1462 1442)
4(1461 1481 1482 1462)
4(1481 1501 1502 1482)
4(1501 1521 1522 1502)
4(1521 1541 1542 1522)
4(1541 1561 1562 1542)
4(1561 1581 1582 1562)
4(1581 1601 1602 1582)
4(1601 1621 1622 1602)
4(1382 1402 1403 1383)
4(1402 1422 1423 1403)
4(1422 1442 1443 1423)
4(1442 1462 1463 1443)
4(1462 1482 1483 1463)
4(1482 1502 1503 1483)
4(1502 1522 1523 1503)
4(1522 1542 1543 1523)
4(1542 1562 1563 1543)
4(1562 1582 1583 1563)
4(1582 1602 1603 1583)
4(1602 1622 1623 1603)
4(1383 1403 1404 1384)
4(1403 1423 1424 1404)
4(1423 1443 1444 1424)
4(1443 1463 1464 1444)
4(1463 1483 1484 1464)
4(1483 1503 1504 1484)
4(1503 1523 1524 1504)
4(1523 1543 1544 1524)
4(1543 1563 1564 1544)
4(1563 1583 1584 1564)
4(1583 1603 1604 1584)
4(1603 1623 1624 1604)
4(1384 1404 1405 1385)
4(1404 1424 1425 1405)
4(1424 1444 1445 1425)
4(1444 1464 1465 1445)
4(1464 1484 1485 1465)
4(1484 1504 1505 1485)
4(1504 1524 1525 1505)
4(1524 1544 1545 1525)
4(1544 1564 1565 1545)
4(1564 1584 1585 1565)
4(1584 1604 1605 1585)
4(1604 1624 1625 1605)
4(1385 1405 1406 1386)
4(1405 1425 1426 1406)
4(1425 1445 1446 1426)
4(1445 1465 1466 1446)
4(1465 1485 1486 1466)
4(1485 1505 1506 1486)
4(1505 1525 1526 1506)
4(1525 1545 1546 1526)
4(1545 1565 1566 1546)
4(1565 1585 1586 1566)
4(1585 1605 1606 1586)
4(1605 1625 1626 1606)
4(1386 1406 1407 1387)
4(1406 1426 1427 1407)
4(1426 1446 1447 1427)
4(1446 1466 1467 1447)
4(1466 1486 1487 1467)
4(1486 1506 1507 1487)
4(1506 1526 1527 1507)
4(1526 1546 1547 1527)
4(1546 1566 1567 1547)
4(1566 1586 1587 1567)
4(1586 1606 1607 1587)
4(1606 1626 1627 1607)
4(1387 1407 1408 1388)
4(1407 1427 1428 1408)
4(1427 1447 1448 1428)
4(1447 1467 1468 1448)
4(1467 1487 1488 1468)
4(1487 1507 1508 1488)
4(1507 1527 1528 1508)
4(1527 1547 1548 1528)
4(1547 1567 1568 1548)
4(1567 1587 1588 1568)
4(1587 1607 1608 1588)
4(1607 1627 1628 1608)
4(1388 1408 1409 1389)
4(1408 1428 1429 1409)
4(1428 1448 1449 1429)
4(1448 1468 1469 1449)
4(1468 1488 1489 1469)
4(1488 1508 1509 1489)
4(1508 1528 1529 1509)
4(1528 1548 1549 1529)
4(1548 1568 1569 1549)
4(1568 1588 1589 1569)
4(1588 1608 1609 1589)
4(1608 1628 1629 1609)
4(1389 1409 1410 1390)
4(1409 1429 1430 1410)
4(1429 1449 1450 1430)
4(1449 1469 1470 1450)
4(1469 1489 1490 1470)
4(1489 1509 1510 1490)
4(1509 1529 1530 1510)
4(1529 1549 1550 1530)
4(1549 1569 1570 1550)
4(1569 1589 1590 1570)
4(1589 1609 1610 1590)
4(1609 1629 1630 1610)
4(1390 1410 1411 1391)
4(1410 1430 1431 1411)
4(1430 1450 1451 1431)
4(1450 1470 1471 1451)
4(1470 1490 1491 1471)
4(1490 1510 1511 1491)
4(1510 1530 1531 1511)
4(1530 1550 1551 1531)
4(1550 1570 1571 1551)
4(1570 1590 1591 1571)
4(1590 1610 1611 1591)
4(1610 1630 1631 1611)
4(1391 1411 1412 1392)
4(1411 1431 1432 1412)
4(1431 1451 1452 1432)
4(1451 1471 1472 1452)
4(1471 1491 1492 1472)
4(1491 1511 1512 1492)
4(1511 1531 1532 1512)
4(1531 1551 1552 1532)
4(1551 1571 1572 1552)
4(1571 1591 1592 1572)
4(1591 1611 1612 1592)
4(1611 1631 1632 1612)
4(1392 1412 1413 1393)
4(1412 1432 1433 1413)
4(1432 1452 1453 1433)
4(1452 1472 1473 1453)
4(1472 1492 1493 1473)
4(1492 1512 1513 1493)
4(1512 1532 1533 1513)
4(1532 1552 1553 1533)
4(1552 1572 1573 1553)
4(1572 1592 1593 1573)
4(1592 1612 1613 1593)
4(1612 1632 1633 1613)
4(1393 1413 1414 1394)
4(1413 1433 1434 1414)
4(1433 1453 1454 1434)
4(1453 1473 1474 1454)
4(1473 1493 1494 1474)
4(1493 1513 1514 1494)
4(1513 1533 1534 1514)
4(1533 1553 1554 1534)
4(1553 1573 1574 1554)
4(1573 1593 1594 1574)
4(1593 1613 1614 1594)
4(1613 1633 1634 1614)
4(1394 1414 1415 1395)
4(1414 1434 1435 1415)
4(1434 1454 1455 1435)
4(1454 1474 1475 1455)
4(1474 1494 1495 1475)
4(1494 1514 1515 1495)
4(1514 1534 1535 1515)
4(1534 1554 1555 1535)
4(1554 1574 1575 1555)
4(1574 1594 1595 1575)
4(1594 1614 1615 1595)
4(1614 1634 1635 1615)
4(857 1896 1897 1616)
4(1896 1053 1917 1897)
4(1616 1897 1898 1617)
4(1897 1917 1918 1898)
4(1617 1898 1899 1618)
4(1898 1918 1919 1899)
4(1618 1899 1900 1619)
4(1899 1919 1920 1900)
4(1619 1900 1901 1620)
4(1900 1920 1921 1901)
4(1620 1901 1902 1621)
4(1901 1921 1922 1902)
4(1621 1902 1903 1622)
4(1902 1922 1923 1903)
4(1622 1903 1904 1623)
4(1903 1923 1924 1904)
4(1623 1904 1905 1624)
4(1904 1924 1925 1905)
4(1624 1905 1906 1625)
4(1905 1925 1926 1906)
4(1625 1906 1907 1626)
4(1906 1926 1927 1907)
4(1626 1907 1908 1627)
4(1907 1927 1928 1908)
4(1627 1908 1909 1628)
4(1908 1928 1929 1909)
4(1628 1909 1910 1629)
4(1909 1929 1930 1910)
4(1629 1910 1911 1630)
4(1910 1930 1931 1911)
4(1630 1911 1912 1631)
4(1911 1931 1932 1912)
4(1631 1912 1913 1632)
4(1912 1932 1933 1913)
4(1632 1913 1914 1633)
4(1913 1933 1934 1914)
4(1633 1914 1915 1634)
4(1914 1934 1935 1915)
4(1634 1915 1916 1635)
4(1915 1935 1936 1916)
4(1053 1067 1978 1917)
4(1067 1081 1998 1978)
4(1081 1095 2018 1998)
4(1095 1109 2038 2018)
4(1109 1123 2058 2038)
4(1123 1137 2078 2058)
4(1137 1151 2098 2078)
4(1151 1165 2118 2098)
4(1165 1179 2138 2118)
4(1179 1193 2158 2138)
4(1193 1207 2178 2158)
4(1917 1978 1979 1918)
4(1978 1998 1999 1979)
4(1998 2018 2019 1999)
4(2018 2038 2039 2019)
4(2038 2058 2059 2039)
4(2058 2078 2079 2059)
4(2078 2098 2099 2079)
4(2098 2118 2119 2099)
4(2118 2138 2139 2119)
4(2138 2158 2159 2139)
4(2158 2178 2179 2159)
4(1918 1979 1980 1919)
4(1979 1999 2000 1980)
4(1999 2019 2020 2000)
4(2019 2039 2040 2020)
4(2039 2059 2060 2040)
4(2059 2079 2080 2060)
4(2079 2099 2100 2080)
4(2099 2119 2120 2100)
4(2119 2139 2140 2120)
4(2139 2159 2160 2140)
4(2159 2179 2180 2160)
4(1919 1980 1981 1920)
4(1980 2000 2001 1981)
4(2000 2020 2021 2001)
4(2020 2040 2041 2021)
4(2040 2060 2061 2041)
4(2060 2080 2081 2061)
4(2080 2100 2101 2081)
4(2100 2120 2121 2101)
4(2120 2140 2141 2121)
4(2140 2160 2161 2141)
4(2160 2180 2181 2161)
4(1920 1981 1982 1921)
4(1981 2001 2002 1982)
4(2001 2021 2022 2002)
4(2021 2041 2042 2022)
4(2041 2061 2062 2042)
4(2061 2081 2082 2062)
4(2081 2101 2102 2082)
4(2101 2121 2122 2102)
4(2121 2141 2142 2122)
4(2141 2161 2162 2142)
4(2161 2181 2182 2162)
4(1921 1982 1983 1922)
4(1982 2002 2003 1983)
4(2002 2022 2023 2003)
4(2022 2042 2043 2023)
4(2042 2062 2063 2043)
4(2062 2082 2083 2063)
4(2082 2102 2103 2083)
4(2102 2122 2123 2103)
4(2122 2142 2143 2123)
4(2142 2162 2163 2143)
4(2162 2182 2183 2163)
4(1922 1983 1984 1923)
4(1983 2003 2004 1984)
4(2003 2023 2024 2004)
4(2023 2043 2044 2024)
4(2043 2063 2064 2044)
4(2063 2083 2084 2064)
4(2083 2103 2104 2084)
4(2103 2123 2124 2104)
4(2123 2143 2144 2124)
4(2143 2163 2164 2144)
4(2163 2183 2184 2164)
4(1923 1984 1985 1924)
4(1984 2004 2005 1985)
4(2004 2024 2025 2005)
4(2024 2044 2045 2025)
4(2044 2064 2065 2045)
4(2064 2084 2085 2065)
4(2084 2104 2105 2085)
4(2104 2124 2125 2105)
4(2124 2144 2145 2125)
4(2144 2164 2165 2145)
4(2164 2184 2185 2165)
4(1924 1985 1986 1925)
4(1985 2005 2006 1986)
4(2005 2025 2026 2006)
4(2025 2045 2046 2026)
4(2045 2065 2066 2046)
4(2065 2085 2086 2066)
4(2085 2105 2106 2086)
4(2105 2125 2126 2106)
4(2125 2145 2146 2126)
4(2145 2165 2166 2146)
4(2165 2185 2186 2166)
4(1925 1986 1987 1926)
4(1986 2006 2007 1987)
4(2006 2026 2027 2007)
4(2026 2046 2047 2027)
4(2046 2066 2067 2047)
4(2066 2086 2087 2067)
4(2086 2106 2107 2087)
4(2106 2126 2127 2107)
4(2126 2146 2147 2127)
4(2146 2166 2167 2147)
4(2166 2186 2187 2167)
4(1926 1987 1988 1927)
4(1987 2007 2008 1988)
4(2007 2027 2028 2008)
4(2027 2047 2048 2028)
4(2047 2067 2068 2048)
4(2067 2087 2088 2068)
4(2087 2107 2108 2088)
4(2107 2127 2128 2108)
4(2127 2147 2148 2128)
4(2147 2167 2168 2148)
4(2167 2187 2188 2168)
4(1927 1988 1989 1928)
4(1988 2008 2009 1989)
4(2008 2028 2029 2009)
4(2028 2048 2049 2029)
4(2048 2068 2069 2049)
4(2068 2088 2089 2069)
4(2088 2108 2109 2089)
4(2108 2128 2129 2109)
4(2128 2148 2149 2129)
4(2148 2168 2169 2149)
4(2168 2188 2189 2169)
4(1928 1989 1990 1929)
4(1989 2009 2010 1990)
4(2009 2029 2030 2010)
4(2029 2049 2050 2030)
4(2049 2069 2070 2050)
4(2069 2089 2090 2070)
4(2089 2109 2110 2090)
4(2109 2129 2130 2110)
4(2129 2149 2150 2130)
4(2149 2169 2170 2150)
4(2169 2189 2190 2170)
4(1929 1990 1991 1930)
4(1990 2010 2011 1991)
4(2010 2030 2031 2011)
4(2030 2050 2051 2031)
4(2050 2070 2071 2051)
4(2070 2090 2091 2071)
4(2090 2110 2111 2091)
4(2110 2130 2131 2111)
4(2130 2150 2151 2131)
4(2150 2170 2171 2151)
4(2170 2190 2191 2171)
4(1930 1991 1992 1931)
4(1991 2011 2012 1992)
4(2011 2031 2032 2012)
4(2031 2051 2052 2032)
4(2051 2071 2072 2052)
4(2071 2091 2092 2072)
4(2091 2111 2112 2092)
4(2111 2131 2132 2112)
4(2131 2151 2152 2132)
4(2151 2171 2172 2152)
4(2171 2191 2192 2172)
4(1931 1992 1993 1932)
4(1992 2012 2013 1993)
4(2012 2032 2033 2013)
4(2032 2052 2053 2033)
4(2052 2072 2073 2053)
4(2072 2092 2093 2073)
4(2092 2112 2113 2093)
4(2112 2132 2133 2113)
4(2132 2152 2153 2133)
4(2152 2172 2173 2153)
4(2172 2192 2193 2173)
4(1932 1993 1994 1933)
4(1993 2013 2014 1994)
4(2013 2033 2034 2014)
4(2033 2053 2054 2034)
4(2053 2073 2074 2054)
4(2073 2093 2094 2074)
4(2093 2113 2114 2094)
4(2113 2133 2134 2114)
4(2133 2153 2154 2134)
4(2153 2173 2174 2154)
4(2173 2193 2194 2174)
4(1933 1994 1995 1934)
4(1994 2014 2015 1995)
4(2014 2034 2035 2015)
4(2034 2054 2055 2035)
4(2054 2074 2075 2055)
4(2074 2094 2095 2075)
4(2094 2114 2115 2095)
4(2114 2134 2135 2115)
4(2134 2154 2155 2135)
4(2154 2174 2175 2155)
4(2174 2194 2195 2175)
4(1934 1995 1996 1935)
4(1995 2015 2016 1996)
4(2015 2035 2036 2016)
4(2035 2055 2056 2036)
4(2055 2075 2076 2056)
4(2075 2095 2096 2076)
4(2095 2115 2116 2096)
4(2115 2135 2136 2116)
4(2135 2155 2156 2136)
4(2155 2175 2176 2156)
4(2175 2195 2196 2176)
4(1935 1996 1997 1936)
4(1996 2016 2017 1997)
4(2016 2036 2037 2017)
4(2036 2056 2057 2037)
4(2056 2076 2077 2057)
4(2076 2096 2097 2077)
4(2096 2116 2117 2097)
4(2116 2136 2137 2117)
4(2136 2156 2157 2137)
4(2156 2176 2177 2157)
4(2176 2196 2197 2177)
4(169 170 183 182)
4(182 183 196 195)
4(195 196 209 208)
4(208 209 222 221)
4(221 222 235 234)
4(234 235 248 247)
4(247 248 261 260)
4(260 261 274 273)
4(273 274 287 286)
4(286 287 300 299)
4(299 300 313 312)
4(312 313 326 325)
4(170 171 184 183)
4(183 184 197 196)
4(196 197 210 209)
4(209 210 223 222)
4(222 223 236 235)
4(235 236 249 248)
4(248 249 262 261)
4(261 262 275 274)
4(274 275 288 287)
4(287 288 301 300)
4(300 301 314 313)
4(313 314 327 326)
4(171 172 185 184)
4(184 185 198 197)
4(197 198 211 210)
4(210 211 224 223)
4(223 224 237 236)
4(236 237 250 249)
4(249 250 263 262)
4(262 263 276 275)
4(275 276 289 288)
4(288 289 302 301)
4(301 302 315 314)
4(314 315 328 327)
4(172 173 186 185)
4(185 186 199 198)
4(198 199 212 211)
4(211 212 225 224)
4(224 225 238 237)
4(237 238 251 250)
4(250 251 264 263)
4(263 264 277 276)
4(276 277 290 289)
4(289 290 303 302)
4(302 303 316 315)
4(315 316 329 328)
4(173 174 187 186)
4(186 187 200 199)
4(199 200 213 212)
4(212 213 226 225)
4(225 226 239 238)
4(238 239 252 251)
4(251 252 265 264)
4(264 265 278 277)
4(277 278 291 290)
4(290 291 304 303)
4(303 304 317 316)
4(316 317 330 329)
4(174 175 188 187)
4(187 188 201 200)
4(200 201 214 213)
4(213 214 227 226)
4(226 227 240 239)
4(239 240 253 252)
4(252 253 266 265)
4(265 266 279 278)
4(278 279 292 291)
4(291 292 305 304)
4(304 305 318 317)
4(317 318 331 330)
4(175 176 189 188)
4(188 189 202 201)
4(201 202 215 214)
4(214 215 228 227)
4(227 228 241 240)
4(240 241 254 253)
4(253 254 267 266)
4(266 267 280 279)
4(279 280 293 292)
4(292 293 306 305)
4(305 306 319 318)
4(318 319 332 331)
4(176 177 190 189)
4(189 190 203 202)
4(202 203 216 215)
4(215 216 229 228)
4(228 229 242 241)
4(241 242 255 254)
4(254 255 268 267)
4(267 268 281 280)
4(280 281 294 293)
4(293 294 307 306)
4(306 307 320 319)
4(319 320 333 332)
4(177 178 191 190)
4(190 191 204 203)
4(203 204 217 216)
4(216 217 230 229)
4(229 230 243 242)
4(242 243 256 255)
4(255 256 269 268)
4(268 269 282 281)
4(281 282 295 294)
4(294 295 308 307)
4(307 308 321 320)
4(320 321 334 333)
4(178 179 192 191)
4(191 192 205 204)
4(204 205 218 217)
4(217 218 231 230)
4(230 231 244 243)
4(243 244 257 256)
4(256 257 270 269)
4(269 270 283 282)
4(282 283 296 295)
4(295 296 309 308)
4(308 309 322 321)
4(321 322 335 334)
4(179 180 193 192)
4(192 193 206 205)
4(205 206 219 218)
4(218 219 232 231)
4(231 232 245 244)
4(244 245 258 257)
4(257 258 271 270)
4(270 271 284 283)
4(283 284 297 296)
4(296 297 310 309)
4(309 310 323 322)
4(322 323 336 335)
4(180 181 194 193)
4(193 194 207 206)
4(206 207 220 219)
4(219 220 233 232)
4(232 233 246 245)
4(245 246 259 258)
4(258 259 272 271)
4(271 272 285 284)
4(284 285 298 297)
4(297 298 311 310)
4(310 311 324 323)
4(323 324 337 336)
4(325 326 365 364)
4(364 365 378 377)
4(326 327 366 365)
4(365 366 379 378)
4(327 328 367 366)
4(366 367 380 379)
4(328 329 368 367)
4(367 368 381 380)
4(329 330 369 368)
4(368 369 382 381)
4(330 331 370 369)
4(369 370 383 382)
4(331 332 371 370)
4(370 371 384 383)
4(332 333 372 371)
4(371 372 385 384)
4(333 334 373 372)
4(372 373 386 385)
4(334 335 374 373)
4(373 374 387 386)
4(335 336 375 374)
4(374 375 388 387)
4(336 337 376 375)
4(375 376 389 388)
4(377 378 534 533)
4(533 534 547 546)
4(546 547 560 559)
4(559 560 573 572)
4(572 573 586 585)
4(585 586 599 598)
4(598 599 612 611)
4(611 612 625 624)
4(624 625 638 637)
4(637 638 651 650)
4(650 651 664 663)
4(378 379 535 534)
4(534 535 548 547)
4(547 548 561 560)
4(560 561 574 573)
4(573 574 587 586)
4(586 587 600 599)
4(599 600 613 612)
4(612 613 626 625)
4(625 626 639 638)
4(638 639 652 651)
4(651 652 665 664)
4(379 380 536 535)
4(535 536 549 548)
4(548 549 562 561)
4(561 562 575 574)
4(574 575 588 587)
4(587 588 601 600)
4(600 601 614 613)
4(613 614 627 626)
4(626 627 640 639)
4(639 640 653 652)
4(652 653 666 665)
4(380 381 537 536)
4(536 537 550 549)
4(549 550 563 562)
4(562 563 576 575)
4(575 576 589 588)
4(588 589 602 601)
4(601 602 615 614)
4(614 615 628 627)
4(627 628 641 640)
4(640 641 654 653)
4(653 654 667 666)
4(381 382 538 537)
4(537 538 551 550)
4(550 551 564 563)
4(563 564 577 576)
4(576 577 590 589)
4(589 590 603 602)
4(602 603 616 615)
4(615 616 629 628)
4(628 629 642 641)
4(641 642 655 654)
4(654 655 668 667)
4(382 383 539 538)
4(538 539 552 551)
4(551 552 565 564)
4(564 565 578 577)
4(577 578 591 590)
4(590 591 604 603)
4(603 604 617 616)
4(616 617 630 629)
4(629 630 643 642)
4(642 643 656 655)
4(655 656 669 668)
4(383 384 540 539)
4(539 540 553 552)
4(552 553 566 565)
4(565 566 579 578)
4(578 579 592 591)
4(591 592 605 604)
4(604 605 618 617)
4(617 618 631 630)
4(630 631 644 643)
4(643 644 657 656)
4(656 657 670 669)
4(384 385 541 540)
4(540 541 554 553)
4(553 554 567 566)
4(566 567 580 579)
4(579 580 593 592)
4(592 593 606 605)
4(605 606 619 618)
4(618 619 632 631)
4(631 632 645 644)
4(644 645 658 657)
4(657 658 671 670)
4(385 386 542 541)
4(541 542 555 554)
4(554 555 568 567)
4(567 568 581 580)
4(580 581 594 593)
4(593 594 607 606)
4(606 607 620 619)
4(619 620 633 632)
4(632 633 646 645)
4(645 646 659 658)
4(658 659 672 671)
4(386 387 543 542)
4(542 543 556 555)
4(555 556 569 568)
4(568 569 582 581)
4(581 582 595 594)
4(594 595 608 607)
4(607 608 621 620)
4(620 621 634 633)
4(633 634 647 646)
4(646 647 660 659)
4(659 660 673 672)
4(387 388 544 543)
4(543 544 557 556)
4(556 557 570 569)
4(569 570 583 582)
4(582 583 596 595)
4(595 596 609 608)
4(608 609 622 621)
4(621 622 635 634)
4(634 635 648 647)
4(647 648 661 660)
4(660 661 674 673)
4(388 389 545 544)
4(544 545 558 557)
4(557 558 571 570)
4(570 571 584 583)
4(583 584 597 596)
4(596 597 610 609)
4(609 610 623 622)
4(622 623 636 635)
4(635 636 649 648)
4(648 649 662 661)
4(661 662 675 674)
4(181 858 872 194)
4(194 872 886 207)
4(207 886 900 220)
4(220 900 914 233)
4(233 914 928 246)
4(246 928 942 259)
4(259 942 956 272)
4(272 956 970 285)
4(285 970 984 298)
4(298 984 998 311)
4(311 998 1012 324)
4(324 1012 1026 337)
4(858 859 873 872)
4(872 873 887 886)
4(886 887 901 900)
4(900 901 915 914)
4(914 915 929 928)
4(928 929 943 942)
4(942 943 957 956)
4(956 957 971 970)
4(970 971 985 984)
4(984 985 999 998)
4(998 999 1013 1012)
4(1012 1013 1027 1026)
4(859 860 874 873)
4(873 874 888 887)
4(887 888 902 901)
4(901 902 916 915)
4(915 916 930 929)
4(929 930 944 943)
4(943 944 958 957)
4(957 958 972 971)
4(971 972 986 985)
4(985 986 1000 999)
4(999 1000 1014 1013)
4(1013 1014 1028 1027)
4(860 861 875 874)
4(874 875 889 888)
4(888 889 903 902)
4(902 903 917 916)
4(916 917 931 930)
4(930 931 945 944)
4(944 945 959 958)
4(958 959 973 972)
4(972 973 987 986)
4(986 987 1001 1000)
4(1000 1001 1015 1014)
4(1014 1015 1029 1028)
4(861 862 876 875)
4(875 876 890 889)
4(889 890 904 903)
4(903 904 918 917)
4(917 918 932 931)
4(931 932 946 945)
4(945 946 960 959)
4(959 960 974 973)
4(973 974 988 987)
4(987 988 1002 1001)
4(1001 1002 1016 1015)
4(1015 1016 1030 1029)
4(862 863 877 876)
4(876 877 891 890)
4(890 891 905 904)
4(904 905 919 918)
4(918 919 933 932)
4(932 933 947 946)
4(946 947 961 960)
4(960 961 975 974)
4(974 975 989 988)
4(988 989 1003 1002)
4(1002 1003 1017 1016)
4(1016 1017 1031 1030)
4(863 864 878 877)
4(877 878 892 891)
4(891 892 906 905)
4(905 906 920 919)
4(919 920 934 933)
4(933 934 948 947)
4(947 948 962 961)
4(961 962 976 975)
4(975 976 990 989)
4(989 990 1004 1003)
4(1003 1004 1018 1017)
4(1017 1018 1032 1031)
4(864 865 879 878)
4(878 879 893 892)
4(892 893 907 906)
4(906 907 921 920)
4(920 921 935 934)
4(934 935 949 948)
4(948 949 963 962)
4(962 963 977 976)
4(976 977 991 990)
4(990 991 1005 1004)
4(1004 1005 1019 1018)
4(1018 1019 1033 1032)
4(865 866 880 879)
4(879 880 894 893)
4(893 894 908 907)
4(907 908 922 921)
4(921 922 936 935)
4(935 936 950 949)
4(949 950 964 963)
4(963 964 978 977)
4(977 978 992 991)
4(991 992 1006 1005)
4(1005 1006 1020 1019)
4(1019 1020 1034 1033)
4(866 867 881 880)
4(880 881 895 894)
4(894 895 909 908)
4(908 909 923 922)
4(922 923 937 936)
4(936 937 951 950)
4(950 951 965 964)
4(964 965 979 978)
4(978 979 993 992)
4(992 993 1007 1006)
4(1006 1007 1021 1020)
4(1020 1021 1035 1034)
4(867 868 882 881)
4(881 882 896 895)
4(895 896 910 909)
4(909 910 924 923)
4(923 924 938 937)
4(937 938 952 951)
4(951 952 966 965)
4(965 966 980 979)
4(979 980 994 993)
4(993 994 1008 1007)
4(1007 1008 1022 1021)
4(1021 1022 1036 1035)
4(868 869 883 882)
4(882 883 897 896)
4(896 897 911 910)
4(910 911 925 924)
4(924 925 939 938)
4(938 939 953 952)
4(952 953 967 966)
4(966 967 981 980)
4(980 981 995 994)
4(994 995 1009 1008)
4(1008 1009 1023 1022)
4(1022 1023 1037 1036)
4(869 870 884 883)
4(883 884 898 897)
4(897 898 912 911)
4(911 912 926 925)
4(925 926 940 939)
4(939 940 954 953)
4(953 954 968 967)
4(967 968 982 981)
4(981 982 996 995)
4(995 996 1010 1009)
4(1009 1010 1024 1023)
4(1023 1024 1038 1037)
4(870 871 885 884)
4(884 885 899 898)
4(898 899 913 912)
4(912 913 927 926)
4(926 927 941 940)
4(940 941 955 954)
4(954 955 969 968)
4(968 969 983 982)
4(982 983 997 996)
4(996 997 1011 1010)
4(1010 1011 1025 1024)
4(1024 1025 1039 1038)
4(389 1208 1222 545)
4(545 1222 1236 558)
4(558 1236 1250 571)
4(571 1250 1264 584)
4(584 1264 1278 597)
4(597 1278 1292 610)
4(610 1292 1306 623)
4(623 1306 1320 636)
4(636 1320 1334 649)
4(649 1334 1348 662)
4(662 1348 1362 675)
4(1208 1209 1223 1222)
4(1222 1223 1237 1236)
4(1236 1237 1251 1250)
4(1250 1251 1265 1264)
4(1264 1265 1279 1278)
4(1278 1279 1293 1292)
4(1292 1293 1307 1306)
4(1306 1307 1321 1320)
4(1320 1321 1335 1334)
4(1334 1335 1349 1348)
4(1348 1349 1363 1362)
4(1209 1210 1224 1223)
4(1223 1224 1238 1237)
4(1237 1238 1252 1251)
4(1251 1252 1266 1265)
4(1265 1266 1280 1279)
4(1279 1280 1294 1293)
4(1293 1294 1308 1307)
4(1307 1308 1322 1321)
4(1321 1322 1336 1335)
4(1335 1336 1350 1349)
4(1349 1350 1364 1363)
4(1210 1211 1225 1224)
4(1224 1225 1239 1238)
4(1238 1239 1253 1252)
4(1252 1253 1267 1266)
4(1266 1267 1281 1280)
4(1280 1281 1295 1294)
4(1294 1295 1309 1308)
4(1308 1309 1323 1322)
4(1322 1323 1337 1336)
4(1336 1337 1351 1350)
4(1350 1351 1365 1364)
4(1211 1212 1226 1225)
4(1225 1226 1240 1239)
4(1239 1240 1254 1253)
4(1253 1254 1268 1267)
4(1267 1268 1282 1281)
4(1281 1282 1296 1295)
4(1295 1296 1310 1309)
4(1309 1310 1324 1323)
4(1323 1324 1338 1337)
4(1337 1338 1352 1351)
4(1351 1352 1366 1365)
4(1212 1213 1227 1226)
4(1226 1227 1241 1240)
4(1240 1241 1255 1254)
4(1254 1255 1269 1268)
4(1268 1269 1283 1282)
4(1282 1283 1297 1296)
4(1296 1297 1311 1310)
4(1310 1311 1325 1324)
4(1324 1325 1339 1338)
4(1338 1339 1353 1352)
4(1352 1353 1367 1366)
4(1213 1214 1228 1227)
4(1227 1228 1242 1241)
4(1241 1242 1256 1255)
4(1255 1256 1270 1269)
4(1269 1270 1284 1283)
4(1283 1284 1298 1297)
4(1297 1298 1312 1311)
4(1311 1312 1326 1325)
4(1325 1326 1340 1339)
4(1339 1340 1354 1353)
4(1353 1354 1368 1367)
4(1214 1215 1229 1228)
4(1228 1229 1243 1242)
4(1242 1243 1257 1256)
4(1256 1257 1271 1270)
4(1270 1271 1285 1284)
4(1284 1285 1299 1298)
4(1298 1299 1313 1312)
4(1312 1313 1327 1326)
4(1326 1327 1341 1340)
4(1340 1341 1355 1354)
4(1354 1355 1369 1368)
4(1215 1216 1230 1229)
4(1229 1230 1244 1243)
4(1243 1244 1258 1257)
4(1257 1258 1272 1271)
4(1271 1272 1286 1285)
4(1285 1286 1300 1299)
4(1299 1300 1314 1313)
4(1313 1314 1328 1327)
4(1327 1328 1342 1341)
4(1341 1342 1356 1355)
4(1355 1356 1370 1369)
4(1216 1217 1231 1230)
4(1230 1231 1245 1244)
4(1244 1245 1259 1258)
4(1258 1259 1273 1272)
4(1272 1273 1287 1286)
4(1286 1287 1301 1300)
4(1300 1301 1315 1314)
4(1314 1315 1329 1328)
4(1328 1329 1343 1342)
4(1342 1343 1357 1356)
4(1356 1357 1371 1370)
4(1217 1218 1232 1231)
4(1231 1232 1246 1245)
4(1245 1246 1260 1259)
4(1259 1260 1274 1273)
4(1273 1274 1288 1287)
4(1287 1288 1302 1301)
4(1301 1302 1316 1315)
4(1315 1316 1330 1329)
4(1329 1330 1344 1343)
4(1343 1344 1358 1357)
4(1357 1358 1372 1371)
4(1218 1219 1233 1232)
4(1232 1233 1247 1246)
4(1246 1247 1261 1260)
4(1260 1261 1275 1274)
4(1274 1275 1289 1288)
4(1288 1289 1303 1302)
4(1302 1303 1317 1316)
4(1316 1317 1331 1330)
4(1330 1331 1345 1344)
4(1344 1345 1359 1358)
4(1358 1359 1373 1372)
4(1219 1220 1234 1233)
4(1233 1234 1248 1247)
4(1247 1248 1262 1261)
4(1261 1262 1276 1275)
4(1275 1276 1290 1289)
4(1289 1290 1304 1303)
4(1303 1304 1318 1317)
4(1317 1318 1332 1331)
4(1331 1332 1346 1345)
4(1345 1346 1360 1359)
4(1359 1360 1374 1373)
4(1220 1221 1235 1234)
4(1234 1235 1249 1248)
4(1248 1249 1263 1262)
4(1262 1263 1277 1276)
4(1276 1277 1291 1290)
4(1290 1291 1305 1304)
4(1304 1305 1319 1318)
4(1318 1319 1333 1332)
4(1332 1333 1347 1346)
4(1346 1347 1361 1360)
4(1360 1361 1375 1374)
4(871 1636 1656 885)
4(885 1656 1676 899)
4(899 1676 1696 913)
4(913 1696 1716 927)
4(927 1716 1736 941)
4(941 1736 1756 955)
4(955 1756 1776 969)
4(969 1776 1796 983)
4(983 1796 1816 997)
4(997 1816 1836 1011)
4(1011 1836 1856 1025)
4(1025 1856 1876 1039)
4(1636 1637 1657 1656)
4(1656 1657 1677 1676)
4(1676 1677 1697 1696)
4(1696 1697 1717 1716)
4(1716 1717 1737 1736)
4(1736 1737 1757 1756)
4(1756 1757 1777 1776)
4(1776 1777 1797 1796)
4(1796 1797 1817 1816)
4(1816 1817 1837 1836)
4(1836 1837 1857 1856)
4(1856 1857 1877 1876)
4(1637 1638 1658 1657)
4(1657 1658 1678 1677)
4(1677 1678 1698 1697)
4(1697 1698 1718 1717)
4(1717 1718 1738 1737)
4(1737 1738 1758 1757)
4(1757 1758 1778 1777)
4(1777 1778 1798 1797)
4(1797 1798 1818 1817)
4(1817 1818 1838 1837)
4(1837 1838 1858 1857)
4(1857 1858 1878 1877)
4(1638 1639 1659 1658)
4(1658 1659 1679 1678)
4(1678 1679 1699 1698)
4(1698 1699 1719 1718)
4(1718 1719 1739 1738)
4(1738 1739 1759 1758)
4(1758 1759 1779 1778)
4(1778 1779 1799 1798)
4(1798 1799 1819 1818)
4(1818 1819 1839 1838)
4(1838 1839 1859 1858)
4(1858 1859 1879 1878)
4(1639 1640 1660 1659)
4(1659 1660 1680 1679)
4(1679 1680 1700 1699)
4(1699 1700 1720 1719)
4(1719 1720 1740 1739)
4(1739 1740 1760 1759)
4(1759 1760 1780 1779)
4(1779 1780 1800 1799)
4(1799 1800 1820 1819)
4(1819 1820 1840 1839)
4(1839 1840 1860 1859)
4(1859 1860 1880 1879)
4(1640 1641 1661 1660)
4(1660 1661 1681 1680)
4(1680 1681 1701 1700)
4(1700 1701 1721 1720)
4(1720 1721 1741 1740)
4(1740 1741 1761 1760)
4(1760 1761 1781 1780)
4(1780 1781 1801 1800)
4(1800 1801 1821 1820)
4(1820 1821 1841 1840)
4(1840 1841 1861 1860)
4(1860 1861 1881 1880)
4(1641 1642 1662 1661)
4(1661 1662 1682 1681)
4(1681 1682 1702 1701)
4(1701 1702 1722 1721)
4(1721 1722 1742 1741)
4(1741 1742 1762 1761)
4(1761 1762 1782 1781)
4(1781 1782 1802 1801)
4(1801 1802 1822 1821)
4(1821 1822 1842 1841)
4(1841 1842 1862 1861)
4(1861 1862 1882 1881)
4(1642 1643 1663 1662)
4(1662 1663 1683 1682)
4(1682 1683 1703 1702)
4(1702 1703 1723 1722)
4(1722 1723 1743 1742)
4(1742 1743 1763 1762)
4(1762 1763 1783 1782)
4(1782 1783 1803 1802)
4(1802 1803 1823 1822)
4(1822 1823 1843 1842)
4(1842 1843 1863 1862)
4(1862 1863 1883 1882)
4(1643 1644 1664 1663)
4(1663 1664 1684 1683)
4(1683 1684 1704 1703)
4(1703 1704 1724 1723)
4(1723 1724 1744 1743)
4(1743 1744 1764 1763)
4(1763 1764 1784 1783)
4(1783 1784 1804 1803)
4(1803 1804 1824 1823)
4(1823 1824 1844 1843)
4(1843 1844 1864 1863)
4(1863 1864 1884 1883)
4(1644 1645 1665 1664)
4(1664 1665 1685 1684)
4(1684 1685 1705 1704)
4(1704 1705 1725 1724)
4(1724 1725 1745 1744)
4(1744 1745 1765 1764)
4(1764 1765 1785 1784)
4(1784 1785 1805 1804)
4(1804 1805 1825 1824)
4(1824 1825 1845 1844)
4(1844 1845 1865 1864)
4(1864 1865 1885 1884)
4(1645 1646 1666 1665)
4(1665 1666 1686 1685)
4(1685 1686 1706 1705)
4(1705 1706 1726 1725)
4(1725 1726 1746 1745)
4(1745 1746 1766 1765)
4(1765 1766 1786 1785)
4(1785 1786 1806 1805)
4(1805 1806 1826 1825)
4(1825 1826 1846 1845)
4(1845 1846 1866 1865)
4(1865 1866 1886 1885)
4(1646 1647 1667 1666)
4(1666 1667 1687 1686)
4(1686 1687 1707 1706)
4(1706 1707 1727 1726)
4(1726 1727 1747 1746)
4(1746 1747 1767 1766)
4(1766 1767 1787 1786)
4(1786 1787 1807 1806)
4(1806 1807 1827 1826)
4(1826 1827 1847 1846)
4(1846 1847 1867 1866)
4(1866 1867 1887 1886)
4(1647 1648 1668 1667)
4(1667 1668 1688 1687)
4(1687 1688 1708 1707)
4(1707 1708 1728 1727)
4(1727 1728 1748 1747)
4(1747 1748 1768 1767)
4(1767 1768 1788 1787)
4(1787 1788 1808 1807)
4(1807 1808 1828 1827)
4(1827 1828 1848 1847)
4(1847 1848 1868 1867)
4(1867 1868 1888 1887)
4(1648 1649 1669 1668)
4(1668 1669 1689 1688)
4(1688 1689 1709 1708)
4(1708 1709 1729 1728)
4(1728 1729 1749 1748)
4(1748 1749 1769 1768)
4(1768 1769 1789 1788)
4(1788 1789 1809 1808)
4(1808 1809 1829 1828)
4(1828 1829 1849 1848)
4(1848 1849 1869 1868)
4(1868 1869 1889 1888)
4(1649 1650 1670 1669)
4(1669 1670 1690 1689)
4(1689 1690 1710 1709)
4(1709 1710 1730 1729)
4(1729 1730 1750 1749)
4(1749 1750 1770 1769)
4(1769 1770 1790 1789)
4(1789 1790 1810 1809)
4(1809 1810 1830 1829)
4(1829 1830 1850 1849)
4(1849 1850 1870 1869)
4(1869 1870 1890 1889)
4(1650 1651 1671 1670)
4(1670 1671 1691 1690)
4(1690 1691 1711 1710)
4(1710 1711 1731 1730)
4(1730 1731 1751 1750)
4(1750 1751 1771 1770)
4(1770 1771 1791 1790)
4(1790 1791 1811 1810)
4(1810 1811 1831 1830)
4(1830 1831 1851 1850)
4(1850 1851 1871 1870)
4(1870 1871 1891 1890)
4(1651 1652 1672 1671)
4(1671 1672 1692 1691)
4(1691 1692 1712 1711)
4(1711 1712 1732 1731)
4(1731 1732 1752 1751)
4(1751 1752 1772 1771)
4(1771 1772 1792 1791)
4(1791 1792 1812 1811)
4(1811 1812 1832 1831)
4(1831 1832 1852 1851)
4(1851 1852 1872 1871)
4(1871 1872 1892 1891)
4(1652 1653 1673 1672)
4(1672 1673 1693 1692)
4(1692 1693 1713 1712)
4(1712 1713 1733 1732)
4(1732 1733 1753 1752)
4(1752 1753 1773 1772)
4(1772 1773 1793 1792)
4(1792 1793 1813 1812)
4(1812 1813 1833 1832)
4(1832 1833 1853 1852)
4(1852 1853 1873 1872)
4(1872 1873 1893 1892)
4(1653 1654 1674 1673)
4(1673 1674 1694 1693)
4(1693 1694 1714 1713)
4(1713 1714 1734 1733)
4(1733 1734 1754 1753)
4(1753 1754 1774 1773)
4(1773 1774 1794 1793)
4(1793 1794 1814 1813)
4(1813 1814 1834 1833)
4(1833 1834 1854 1853)
4(1853 1854 1874 1873)
4(1873 1874 1894 1893)
4(1654 1655 1675 1674)
4(1674 1675 1695 1694)
4(1694 1695 1715 1714)
4(1714 1715 1735 1734)
4(1734 1735 1755 1754)
4(1754 1755 1775 1774)
4(1774 1775 1795 1794)
4(1794 1795 1815 1814)
4(1814 1815 1835 1834)
4(1834 1835 1855 1854)
4(1854 1855 1875 1874)
4(1874 1875 1895 1894)
4(1039 1876 1938 1937)
4(1937 1938 1958 1221)
4(1876 1877 1939 1938)
4(1938 1939 1959 1958)
4(1877 1878 1940 1939)
4(1939 1940 1960 1959)
4(1878 1879 1941 1940)
4(1940 1941 1961 1960)
4(1879 1880 1942 1941)
4(1941 1942 1962 1961)
4(1880 1881 1943 1942)
4(1942 1943 1963 1962)
4(1881 1882 1944 1943)
4(1943 1944 1964 1963)
4(1882 1883 1945 1944)
4(1944 1945 1965 1964)
4(1883 1884 1946 1945)
4(1945 1946 1966 1965)
4(1884 1885 1947 1946)
4(1946 1947 1967 1966)
4(1885 1886 1948 1947)
4(1947 1948 1968 1967)
4(1886 1887 1949 1948)
4(1948 1949 1969 1968)
4(1887 1888 1950 1949)
4(1949 1950 1970 1969)
4(1888 1889 1951 1950)
4(1950 1951 1971 1970)
4(1889 1890 1952 1951)
4(1951 1952 1972 1971)
4(1890 1891 1953 1952)
4(1952 1953 1973 1972)
4(1891 1892 1954 1953)
4(1953 1954 1974 1973)
4(1892 1893 1955 1954)
4(1954 1955 1975 1974)
4(1893 1894 1956 1955)
4(1955 1956 1976 1975)
4(1894 1895 1957 1956)
4(1956 1957 1977 1976)
4(1221 1958 2198 1235)
4(1235 2198 2218 1249)
4(1249 2218 2238 1263)
4(1263 2238 2258 1277)
4(1277 2258 2278 1291)
4(1291 2278 2298 1305)
4(1305 2298 2318 1319)
4(1319 2318 2338 1333)
4(1333 2338 2358 1347)
4(1347 2358 2378 1361)
4(1361 2378 2398 1375)
4(1958 1959 2199 2198)
4(2198 2199 2219 2218)
4(2218 2219 2239 2238)
4(2238 2239 2259 2258)
4(2258 2259 2279 2278)
4(2278 2279 2299 2298)
4(2298 2299 2319 2318)
4(2318 2319 2339 2338)
4(2338 2339 2359 2358)
4(2358 2359 2379 2378)
4(2378 2379 2399 2398)
4(1959 1960 2200 2199)
4(2199 2200 2220 2219)
4(2219 2220 2240 2239)
4(2239 2240 2260 2259)
4(2259 2260 2280 2279)
4(2279 2280 2300 2299)
4(2299 2300 2320 2319)
4(2319 2320 2340 2339)
4(2339 2340 2360 2359)
4(2359 2360 2380 2379)
4(2379 2380 2400 2399)
4(1960 1961 2201 2200)
4(2200 2201 2221 2220)
4(2220 2221 2241 2240)
4(2240 2241 2261 2260)
4(2260 2261 2281 2280)
4(2280 2281 2301 2300)
4(2300 2301 2321 2320)
4(2320 2321 2341 2340)
4(2340 2341 2361 2360)
4(2360 2361 2381 2380)
4(2380 2381 2401 2400)
4(1961 1962 2202 2201)
4(2201 2202 2222 2221)
4(2221 2222 2242 2241)
4(2241 2242 2262 2261)
4(2261 2262 2282 2281)
4(2281 2282 2302 2301)
4(2301 2302 2322 2321)
4(2321 2322 2342 2341)
4(2341 2342 2362 2361)
4(2361 2362 2382 2381)
4(2381 2382 2402 2401)
4(1962 1963 2203 2202)
4(2202 2203 2223 2222)
4(2222 2223 2243 2242)
4(2242 2243 2263 2262)
4(2262 2263 2283 2282)
4(2282 2283 2303 2302)
4(2302 2303 2323 2322)
4(2322 2323 2343 2342)
4(2342 2343 2363 2362)
4(2362 2363 2383 2382)
4(2382 2383 2403 2402)
4(1963 1964 2204 2203)
4(2203 2204 2224 2223)
4(2223 2224 2244 2243)
4(2243 2244 2264 2263)
4(2263 2264 2284 2283)
4(2283 2284 2304 2303)
4(2303 2304 2324 2323)
4(2323 2324 2344 2343)
4(2343 2344 2364 2363)
4(2363 2364 2384 2383)
4(2383 2384 2404 2403)
4(1964 1965 2205 2204)
4(2204 2205 2225 2224)
4(2224 2225 2245 2244)
4(2244 2245 2265 2264)
4(2264 2265 2285 2284)
4(2284 2285 2305 2304)
4(2304 2305 2325 2324)
4(2324 2325 2345 2344)
4(2344 2345 2365 2364)
4(2364 2365 2385 2384)
4(2384 2385 2405 2404)
4(1965 1966 2206 2205)
4(2205 2206 2226 2225)
4(2225 2226 2246 2245)
4(2245 2246 2266 2265)
4(2265 2266 2286 2285)
4(2285 2286 2306 2305)
4(2305 2306 2326 2325)
4(2325 2326 2346 2345)
4(2345 2346 2366 2365)
4(2365 2366 2386 2385)
4(2385 2386 2406 2405)
4(1966 1967 2207 2206)
4(2206 2207 2227 2226)
4(2226 2227 2247 2246)
4(2246 2247 2267 2266)
4(2266 2267 2287 2286)
4(2286 2287 2307 2306)
4(2306 2307 2327 2326)
4(2326 2327 2347 2346)
4(2346 2347 2367 2366)
4(2366 2367 2387 2386)
4(2386 2387 2407 2406)
4(1967 1968 2208 2207)
4(2207 2208 2228 2227)
4(2227 2228 2248 2247)
4(2247 2248 2268 2267)
4(2267 2268 2288 2287)
4(2287 2288 2308 2307)
4(2307 2308 2328 2327)
4(2327 2328 2348 2347)
4(2347 2348 2368 2367)
4(2367 2368 2388 2387)
4(2387 2388 2408 2407)
4(1968 1969 2209 2208)
4(2208 2209 2229 2228)
4(2228 2229 2249 2248)
4(2248 2249 2269 2268)
4(2268 2269 2289 2288)
4(2288 2289 2309 2308)
4(2308 2309 2329 2328)
4(2328 2329 2349 2348)
4(2348 2349 2369 2368)
4(2368 2369 2389 2388)
4(2388 2389 2409 2408)
4(1969 1970 2210 2209)
4(2209 2210 2230 2229)
4(2229 2230 2250 2249)
4(2249 2250 2270 2269)
4(2269 2270 2290 2289)
4(2289 2290 2310 2309)
4(2309 2310 2330 2329)
4(2329 2330 2350 2349)
4(2349 2350 2370 2369)
4(2369 2370 2390 2389)
4(2389 2390 2410 2409)
4(1970 1971 2211 2210)
4(2210 2211 2231 2230)
4(2230 2231 2251 2250)
4(2250 2251 2271 2270)
4(2270 2271 2291 2290)
4(2290 2291 2311 2310)
4(2310 2311 2331 2330)
4(2330 2331 2351 2350)
4(2350 2351 2371 2370)
4(2370 2371 2391 2390)
4(2390 2391 2411 2410)
4(1971 1972 2212 2211)
4(2211 2212 2232 2231)
4(2231 2232 2252 2251)
4(2251 2252 2272 2271)
4(2271 2272 2292 2291)
4(2291 2292 2312 2311)
4(2311 2312 2332 2331)
4(2331 2332 2352 2351)
4(2351 2352 2372 2371)
4(2371 2372 2392 2391)
4(2391 2392 2412 2411)
4(1972 1973 2213 2212)
4(2212 2213 2233 2232)
4(2232 2233 2253 2252)
4(2252 2253 2273 2272)
4(2272 2273 2293 2292)
4(2292 2293 2313 2312)
4(2312 2313 2333 2332)
4(2332 2333 2353 2352)
4(2352 2353 2373 2372)
4(2372 2373 2393 2392)
4(2392 2393 2413 2412)
4(1973 1974 2214 2213)
4(2213 2214 2234 2233)
4(2233 2234 2254 2253)
4(2253 2254 2274 2273)
4(2273 2274 2294 2293)
4(2293 2294 2314 2313)
4(2313 2314 2334 2333)
4(2333 2334 2354 2353)
4(2353 2354 2374 2373)
4(2373 2374 2394 2393)
4(2393 2394 2414 2413)
4(1974 1975 2215 2214)
4(2214 2215 2235 2234)
4(2234 2235 2255 2254)
4(2254 2255 2275 2274)
4(2274 2275 2295 2294)
4(2294 2295 2315 2314)
4(2314 2315 2335 2334)
4(2334 2335 2355 2354)
4(2354 2355 2375 2374)
4(2374 2375 2395 2394)
4(2394 2395 2415 2414)
4(1975 1976 2216 2215)
4(2215 2216 2236 2235)
4(2235 2236 2256 2255)
4(2255 2256 2276 2275)
4(2275 2276 2296 2295)
4(2295 2296 2316 2315)
4(2315 2316 2336 2335)
4(2335 2336 2356 2355)
4(2355 2356 2376 2375)
4(2375 2376 2396 2395)
4(2395 2396 2416 2415)
4(1976 1977 2217 2216)
4(2216 2217 2237 2236)
4(2236 2237 2257 2256)
4(2256 2257 2277 2276)
4(2276 2277 2297 2296)
4(2296 2297 2317 2316)
4(2316 2317 2337 2336)
4(2336 2337 2357 2356)
4(2356 2357 2377 2376)
4(2376 2377 2397 2396)
4(2396 2397 2417 2416)
4(0 169 182 13)
4(13 182 195 26)
4(26 195 208 39)
4(39 208 221 52)
4(52 221 234 65)
4(65 234 247 78)
4(78 247 260 91)
4(91 260 273 104)
4(104 273 286 117)
4(117 286 299 130)
4(130 299 312 143)
4(143 312 325 156)
4(156 325 364 338)
4(338 364 377 351)
4(351 377 533 390)
4(390 533 546 403)
4(403 546 559 416)
4(416 559 572 429)
4(429 572 585 442)
4(442 585 598 455)
4(455 598 611 468)
4(468 611 624 481)
4(481 624 637 494)
4(494 637 650 507)
4(507 650 663 520)
4(1395 1415 1675 1655)
4(1415 1435 1695 1675)
4(1435 1455 1715 1695)
4(1455 1475 1735 1715)
4(1475 1495 1755 1735)
4(1495 1515 1775 1755)
4(1515 1535 1795 1775)
4(1535 1555 1815 1795)
4(1555 1575 1835 1815)
4(1575 1595 1855 1835)
4(1595 1615 1875 1855)
4(1615 1635 1895 1875)
4(1635 1916 1957 1895)
4(1916 1936 1977 1957)
4(1936 1997 2217 1977)
4(1997 2017 2237 2217)
4(2017 2037 2257 2237)
4(2037 2057 2277 2257)
4(2057 2077 2297 2277)
4(2077 2097 2317 2297)
4(2097 2117 2337 2317)
4(2117 2137 2357 2337)
4(2137 2157 2377 2357)
4(2157 2177 2397 2377)
4(2177 2197 2417 2397)
4(168 350 376 337)
4(350 363 389 376)
4(168 337 1026 844)
4(844 1026 1027 845)
4(845 1027 1028 846)
4(846 1028 1029 847)
4(847 1029 1030 848)
4(848 1030 1031 849)
4(849 1031 1032 850)
4(850 1032 1033 851)
4(851 1033 1034 852)
4(852 1034 1035 853)
4(853 1035 1036 854)
4(854 1036 1037 855)
4(855 1037 1038 856)
4(856 1038 1039 857)
4(363 1040 1208 389)
4(1040 1041 1209 1208)
4(1041 1042 1210 1209)
4(1042 1043 1211 1210)
4(1043 1044 1212 1211)
4(1044 1045 1213 1212)
4(1045 1046 1214 1213)
4(1046 1047 1215 1214)
4(1047 1048 1216 1215)
4(1048 1049 1217 1216)
4(1049 1050 1218 1217)
4(1050 1051 1219 1218)
4(1051 1052 1220 1219)
4(1052 1053 1221 1220)
4(857 1039 1937 1896)
4(1896 1937 1221 1053)
4(0 1 170 169)
4(1 2 171 170)
4(2 3 172 171)
4(3 4 173 172)
4(4 5 174 173)
4(5 6 175 174)
4(6 7 176 175)
4(7 8 177 176)
4(8 9 178 177)
4(9 10 179 178)
4(10 11 180 179)
4(11 12 181 180)
4(12 676 858 181)
4(676 677 859 858)
4(677 678 860 859)
4(678 679 861 860)
4(679 680 862 861)
4(680 681 863 862)
4(681 682 864 863)
4(682 683 865 864)
4(683 684 866 865)
4(684 685 867 866)
4(685 686 868 867)
4(686 687 869 868)
4(687 688 870 869)
4(688 689 871 870)
4(689 1376 1636 871)
4(1376 1377 1637 1636)
4(1377 1378 1638 1637)
4(1378 1379 1639 1638)
4(1379 1380 1640 1639)
4(1380 1381 1641 1640)
4(1381 1382 1642 1641)
4(1382 1383 1643 1642)
4(1383 1384 1644 1643)
4(1384 1385 1645 1644)
4(1385 1386 1646 1645)
4(1386 1387 1647 1646)
4(1387 1388 1648 1647)
4(1388 1389 1649 1648)
4(1389 1390 1650 1649)
4(1390 1391 1651 1650)
4(1391 1392 1652 1651)
4(1392 1393 1653 1652)
4(1393 1394 1654 1653)
4(1394 1395 1655 1654)
4(520 663 664 521)
4(521 664 665 522)
4(522 665 666 523)
4(523 666 667 524)
4(524 667 668 525)
4(525 668 669 526)
4(526 669 670 527)
4(527 670 671 528)
4(528 671 672 529)
4(529 672 673 530)
4(530 673 674 531)
4(531 674 675 532)
4(532 675 1362 1194)
4(1194 1362 1363 1195)
4(1195 1363 1364 1196)
4(1196 1364 1365 1197)
4(1197 1365 1366 1198)
4(1198 1366 1367 1199)
4(1199 1367 1368 1200)
4(1200 1368 1369 1201)
4(1201 1369 1370 1202)
4(1202 1370 1371 1203)
4(1203 1371 1372 1204)
4(1204 1372 1373 1205)
4(1205 1373 1374 1206)
4(1206 1374 1375 1207)
4(1207 1375 2398 2178)
4(2178 2398 2399 2179)
4(2179 2399 2400 2180)
4(2180 2400 2401 2181)
4(2181 2401 2402 2182)
4(2182 2402 2403 2183)
4(2183 2403 2404 2184)
4(2184 2404 2405 2185)
4(2185 2405 2406 2186)
4(2186 2406 2407 2187)
4(2187 2407 2408 2188)
4(2188 2408 2409 2189)
4(2189 2409 2410 2190)
4(2190 2410 2411 2191)
4(2191 2411 2412 2192)
4(2192 2412 2413 2193)
4(2193 2413 2414 2194)
4(2194 2414 2415 2195)
4(2195 2415 2416 2196)
4(2196 2416 2417 2197)
)


// ************************************************************************* //
