/*--------------------------------*- C++ -*----------------------------------*\
  =========                 |
  \\      /  F ield         | OpenFOAM: The Open Source CFD Toolbox
   \\    /   O peration     | Website:  https://openfoam.org
    \\  /    A nd           | Version:  11
     \\/     M anipulation  |
\*---------------------------------------------------------------------------*/
FoamFile
{
    format      ascii;
    class       labelList;
    note        "nPoints: 2418 nCells: 1122 nFaces: 4575 nInternalFaces: 2157";
    location    "constant/polyMesh";
    object      neighbour;
}
// * * * * * * * * * * * * * * * * * * * * * * * * * * * * * * * * * * * * * //


2157
(
1
12
2
13
3
14
4
15
5
16
6
17
7
18
8
19
9
20
10
21
11
22
23
300
13
24
14
25
15
26
16
27
17
28
18
29
19
30
20
31
21
32
22
33
23
34
35
314
25
36
26
37
27
38
28
39
29
40
30
41
31
42
32
43
33
44
34
45
35
46
47
328
37
48
38
49
39
50
40
51
41
52
42
53
43
54
44
55
45
56
46
57
47
58
59
342
49
60
50
61
51
62
52
63
53
64
54
65
55
66
56
67
57
68
58
69
59
70
71
356
61
72
62
73
63
74
64
75
65
76
66
77
67
78
68
79
69
80
70
81
71
82
83
370
73
84
74
85
75
86
76
87
77
88
78
89
79
90
80
91
81
92
82
93
83
94
95
384
85
96
86
97
87
98
88
99
89
100
90
101
91
102
92
103
93
104
94
105
95
106
107
398
97
108
98
109
99
110
100
111
101
112
102
113
103
114
104
115
105
116
106
117
107
118
119
412
109
120
110
121
111
122
112
123
113
124
114
125
115
126
116
127
117
128
118
129
119
130
131
426
121
132
122
133
123
134
124
135
125
136
126
137
127
138
128
139
129
140
130
141
131
142
143
440
133
144
134
145
135
146
136
147
137
148
138
149
139
150
140
151
141
152
142
153
143
154
155
454
145
156
146
157
147
158
148
159
149
160
150
161
151
162
152
163
153
164
154
165
155
166
167
157
168
158
169
159
170
160
171
161
172
162
173
163
174
164
175
165
176
166
177
167
178
179
169
180
170
181
171
182
172
183
173
184
174
185
175
186
176
187
177
188
178
189
179
190
191
468
181
192
182
193
183
194
184
195
185
196
186
197
187
198
188
199
189
200
190
201
191
202
203
482
193
204
194
205
195
206
196
207
197
208
198
209
199
210
200
211
201
212
202
213
203
214
215
496
205
216
206
217
207
218
208
219
209
220
210
221
211
222
212
223
213
224
214
225
215
226
227
510
217
228
218
229
219
230
220
231
221
232
222
233
223
234
224
235
225
236
226
237
227
238
239
524
229
240
230
241
231
242
232
243
233
244
234
245
235
246
236
247
237
248
238
249
239
250
251
538
241
252
242
253
243
254
244
255
245
256
246
257
247
258
248
259
249
260
250
261
251
262
263
552
253
264
254
265
255
266
256
267
257
268
258
269
259
270
260
271
261
272
262
273
263
274
275
566
265
276
266
277
267
278
268
279
269
280
270
281
271
282
272
283
273
284
274
285
275
286
287
580
277
288
278
289
279
290
280
291
281
292
282
293
283
294
284
295
285
296
286
297
287
298
299
594
289
290
291
292
293
294
295
296
297
298
299
608
301
314
302
315
303
316
304
317
305
318
306
319
307
320
308
321
309
322
310
323
311
324
312
325
313
326
327
622
315
328
316
329
317
330
318
331
319
332
320
333
321
334
322
335
323
336
324
337
325
338
326
339
327
340
341
642
329
342
330
343
331
344
332
345
333
346
334
347
335
348
336
349
337
350
338
351
339
352
340
353
341
354
355
662
343
356
344
357
345
358
346
359
347
360
348
361
349
362
350
363
351
364
352
365
353
366
354
367
355
368
369
682
357
370
358
371
359
372
360
373
361
374
362
375
363
376
364
377
365
378
366
379
367
380
368
381
369
382
383
702
371
384
372
385
373
386
374
387
375
388
376
389
377
390
378
391
379
392
380
393
381
394
382
395
383
396
397
722
385
398
386
399
387
400
388
401
389
402
390
403
391
404
392
405
393
406
394
407
395
408
396
409
397
410
411
742
399
412
400
413
401
414
402
415
403
416
404
417
405
418
406
419
407
420
408
421
409
422
410
423
411
424
425
762
413
426
414
427
415
428
416
429
417
430
418
431
419
432
420
433
421
434
422
435
423
436
424
437
425
438
439
782
427
440
428
441
429
442
430
443
431
444
432
445
433
446
434
447
435
448
436
449
437
450
438
451
439
452
453
802
441
454
442
455
443
456
444
457
445
458
446
459
447
460
448
461
449
462
450
463
451
464
452
465
453
466
467
822
455
456
457
458
459
460
461
462
463
464
465
466
467
842
469
482
470
483
471
484
472
485
473
486
474
487
475
488
476
489
477
490
478
491
479
492
480
493
481
494
495
902
483
496
484
497
485
498
486
499
487
500
488
501
489
502
490
503
491
504
492
505
493
506
494
507
495
508
509
922
497
510
498
511
499
512
500
513
501
514
502
515
503
516
504
517
505
518
506
519
507
520
508
521
509
522
523
942
511
524
512
525
513
526
514
527
515
528
516
529
517
530
518
531
519
532
520
533
521
534
522
535
523
536
537
962
525
538
526
539
527
540
528
541
529
542
530
543
531
544
532
545
533
546
534
547
535
548
536
549
537
550
551
982
539
552
540
553
541
554
542
555
543
556
544
557
545
558
546
559
547
560
548
561
549
562
550
563
551
564
565
1002
553
566
554
567
555
568
556
569
557
570
558
571
559
572
560
573
561
574
562
575
563
576
564
577
565
578
579
1022
567
580
568
581
569
582
570
583
571
584
572
585
573
586
574
587
575
588
576
589
577
590
578
591
579
592
593
1042
581
594
582
595
583
596
584
597
585
598
586
599
587
600
588
601
589
602
590
603
591
604
592
605
593
606
607
1062
595
608
596
609
597
610
598
611
599
612
600
613
601
614
602
615
603
616
604
617
605
618
606
619
607
620
621
1082
609
610
611
612
613
614
615
616
617
618
619
620
621
1102
623
642
624
643
625
644
626
645
627
646
628
647
629
648
630
649
631
650
632
651
633
652
634
653
635
654
636
655
637
656
638
657
639
658
640
659
641
660
661
643
662
644
663
645
664
646
665
647
666
648
667
649
668
650
669
651
670
652
671
653
672
654
673
655
674
656
675
657
676
658
677
659
678
660
679
661
680
681
663
682
664
683
665
684
666
685
667
686
668
687
669
688
670
689
671
690
672
691
673
692
674
693
675
694
676
695
677
696
678
697
679
698
680
699
681
700
701
683
702
684
703
685
704
686
705
687
706
688
707
689
708
690
709
691
710
692
711
693
712
694
713
695
714
696
715
697
716
698
717
699
718
700
719
701
720
721
703
722
704
723
705
724
706
725
707
726
708
727
709
728
710
729
711
730
712
731
713
732
714
733
715
734
716
735
717
736
718
737
719
738
720
739
721
740
741
723
742
724
743
725
744
726
745
727
746
728
747
729
748
730
749
731
750
732
751
733
752
734
753
735
754
736
755
737
756
738
757
739
758
740
759
741
760
761
743
762
744
763
745
764
746
765
747
766
748
767
749
768
750
769
751
770
752
771
753
772
754
773
755
774
756
775
757
776
758
777
759
778
760
779
761
780
781
763
782
764
783
765
784
766
785
767
786
768
787
769
788
770
789
771
790
772
791
773
792
774
793
775
794
776
795
777
796
778
797
779
798
780
799
781
800
801
783
802
784
803
785
804
786
805
787
806
788
807
789
808
790
809
791
810
792
811
793
812
794
813
795
814
796
815
797
816
798
817
799
818
800
819
801
820
821
803
822
804
823
805
824
806
825
807
826
808
827
809
828
810
829
811
830
812
831
813
832
814
833
815
834
816
835
817
836
818
837
819
838
820
839
821
840
841
823
842
824
843
825
844
826
845
827
846
828
847
829
848
830
849
831
850
832
851
833
852
834
853
835
854
836
855
837
856
838
857
839
858
840
859
841
860
861
843
862
844
863
845
864
846
865
847
866
848
867
849
868
850
869
851
870
852
871
853
872
854
873
855
874
856
875
857
876
858
877
859
878
860
879
861
880
881
863
882
864
883
865
884
866
885
867
886
868
887
869
888
870
889
871
890
872
891
873
892
874
893
875
894
876
895
877
896
878
897
879
898
880
899
881
900
901
883
902
884
903
885
904
886
905
887
906
888
907
889
908
890
909
891
910
892
911
893
912
894
913
895
914
896
915
897
916
898
917
899
918
900
919
901
920
921
903
922
904
923
905
924
906
925
907
926
908
927
909
928
910
929
911
930
912
931
913
932
914
933
915
934
916
935
917
936
918
937
919
938
920
939
921
940
941
923
942
924
943
925
944
926
945
927
946
928
947
929
948
930
949
931
950
932
951
933
952
934
953
935
954
936
955
937
956
938
957
939
958
940
959
941
960
961
943
962
944
963
945
964
946
965
947
966
948
967
949
968
950
969
951
970
952
971
953
972
954
973
955
974
956
975
957
976
958
977
959
978
960
979
961
980
981
963
982
964
983
965
984
966
985
967
986
968
987
969
988
970
989
971
990
972
991
973
992
974
993
975
994
976
995
977
996
978
997
979
998
980
999
981
1000
1001
983
1002
984
1003
985
1004
986
1005
987
1006
988
1007
989
1008
990
1009
991
1010
992
1011
993
1012
994
1013
995
1014
996
1015
997
1016
998
1017
999
1018
1000
1019
1001
1020
1021
1003
1022
1004
1023
1005
1024
1006
1025
1007
1026
1008
1027
1009
1028
1010
1029
1011
1030
1012
1031
1013
1032
1014
1033
1015
1034
1016
1035
1017
1036
1018
1037
1019
1038
1020
1039
1021
1040
1041
1023
1042
1024
1043
1025
1044
1026
1045
1027
1046
1028
1047
1029
1048
1030
1049
1031
1050
1032
1051
1033
1052
1034
1053
1035
1054
1036
1055
1037
1056
1038
1057
1039
1058
1040
1059
1041
1060
1061
1043
1062
1044
1063
1045
1064
1046
1065
1047
1066
1048
1067
1049
1068
1050
1069
1051
1070
1052
1071
1053
1072
1054
1073
1055
1074
1056
1075
1057
1076
1058
1077
1059
1078
1060
1079
1061
1080
1081
1063
1082
1064
1083
1065
1084
1066
1085
1067
1086
1068
1087
1069
1088
1070
1089
1071
1090
1072
1091
1073
1092
1074
1093
1075
1094
1076
1095
1077
1096
1078
1097
1079
1098
1080
1099
1081
1100
1101
1083
1102
1084
1103
1085
1104
1086
1105
1087
1106
1088
1107
1089
1108
1090
1109
1091
1110
1092
1111
1093
1112
1094
1113
1095
1114
1096
1115
1097
1116
1098
1117
1099
1118
1100
1119
1101
1120
1121
1103
1104
1105
1106
1107
1108
1109
1110
1111
1112
1113
1114
1115
1116
1117
1118
1119
1120
1121
)


// ************************************************************************* //
