/*--------------------------------*- C++ -*----------------------------------*\
  =========                 |
  \\      /  F ield         | OpenFOAM: The Open Source CFD Toolbox
   \\    /   O peration     | Website:  https://openfoam.org
    \\  /    A nd           | Version:  11
     \\/     M anipulation  |
\*---------------------------------------------------------------------------*/
FoamFile
{
    format      ascii;
    class       vectorField;
    location    "constant/polyMesh";
    object      points;
}
// * * * * * * * * * * * * * * * * * * * * * * * * * * * * * * * * * * * * * //


2418
(
(-0.2 -0.13 -0.1)
(-0.1833333333 -0.13 -0.1)
(-0.1666666667 -0.13 -0.1)
(-0.15 -0.13 -0.1)
(-0.1333333333 -0.13 -0.1)
(-0.1166666667 -0.13 -0.1)
(-0.1 -0.13 -0.1)
(-0.08333333333 -0.13 -0.1)
(-0.06666666667 -0.13 -0.1)
(-0.05 -0.13 -0.1)
(-0.03333333333 -0.13 -0.1)
(-0.01666666667 -0.13 -0.1)
(0 -0.13 -0.1)
(-0.2 -0.12 -0.1)
(-0.1833333333 -0.12 -0.1)
(-0.1666666667 -0.12 -0.1)
(-0.15 -0.12 -0.1)
(-0.1333333333 -0.12 -0.1)
(-0.1166666667 -0.12 -0.1)
(-0.1 -0.12 -0.1)
(-0.08333333333 -0.12 -0.1)
(-0.06666666667 -0.12 -0.1)
(-0.05 -0.12 -0.1)
(-0.03333333333 -0.12 -0.1)
(-0.01666666667 -0.12 -0.1)
(0 -0.12 -0.1)
(-0.2 -0.11 -0.1)
(-0.1833333333 -0.11 -0.1)
(-0.1666666667 -0.11 -0.1)
(-0.15 -0.11 -0.1)
(-0.1333333333 -0.11 -0.1)
(-0.1166666667 -0.11 -0.1)
(-0.1 -0.11 -0.1)
(-0.08333333333 -0.11 -0.1)
(-0.06666666667 -0.11 -0.1)
(-0.05 -0.11 -0.1)
(-0.03333333333 -0.11 -0.1)
(-0.01666666667 -0.11 -0.1)
(0 -0.11 -0.1)
(-0.2 -0.1 -0.1)
(-0.1833333333 -0.1 -0.1)
(-0.1666666667 -0.1 -0.1)
(-0.15 -0.1 -0.1)
(-0.1333333333 -0.1 -0.1)
(-0.1166666667 -0.1 -0.1)
(-0.1 -0.1 -0.1)
(-0.08333333333 -0.1 -0.1)
(-0.06666666667 -0.1 -0.1)
(-0.05 -0.1 -0.1)
(-0.03333333333 -0.1 -0.1)
(-0.01666666667 -0.1 -0.1)
(0 -0.1 -0.1)
(-0.2 -0.09 -0.1)
(-0.1833333333 -0.09 -0.1)
(-0.1666666667 -0.09 -0.1)
(-0.15 -0.09 -0.1)
(-0.1333333333 -0.09 -0.1)
(-0.1166666667 -0.09 -0.1)
(-0.1 -0.09 -0.1)
(-0.08333333333 -0.09 -0.1)
(-0.06666666667 -0.09 -0.1)
(-0.05 -0.09 -0.1)
(-0.03333333333 -0.09 -0.1)
(-0.01666666667 -0.09 -0.1)
(0 -0.09 -0.1)
(-0.2 -0.08 -0.1)
(-0.1833333333 -0.08 -0.1)
(-0.1666666667 -0.08 -0.1)
(-0.15 -0.08 -0.1)
(-0.1333333333 -0.08 -0.1)
(-0.1166666667 -0.08 -0.1)
(-0.1 -0.08 -0.1)
(-0.08333333333 -0.08 -0.1)
(-0.06666666667 -0.08 -0.1)
(-0.05 -0.08 -0.1)
(-0.03333333333 -0.08 -0.1)
(-0.01666666667 -0.08 -0.1)
(0 -0.08 -0.1)
(-0.2 -0.07 -0.1)
(-0.1833333333 -0.07 -0.1)
(-0.1666666667 -0.07 -0.1)
(-0.15 -0.07 -0.1)
(-0.1333333333 -0.07 -0.1)
(-0.1166666667 -0.07 -0.1)
(-0.1 -0.07 -0.1)
(-0.08333333333 -0.07 -0.1)
(-0.06666666667 -0.07 -0.1)
(-0.05 -0.07 -0.1)
(-0.03333333333 -0.07 -0.1)
(-0.01666666667 -0.07 -0.1)
(0 -0.07 -0.1)
(-0.2 -0.06 -0.1)
(-0.1833333333 -0.06 -0.1)
(-0.1666666667 -0.06 -0.1)
(-0.15 -0.06 -0.1)
(-0.1333333333 -0.06 -0.1)
(-0.1166666667 -0.06 -0.1)
(-0.1 -0.06 -0.1)
(-0.08333333333 -0.06 -0.1)
(-0.06666666667 -0.06 -0.1)
(-0.05 -0.06 -0.1)
(-0.03333333333 -0.06 -0.1)
(-0.01666666667 -0.06 -0.1)
(0 -0.06 -0.1)
(-0.2 -0.05 -0.1)
(-0.1833333333 -0.05 -0.1)
(-0.1666666667 -0.05 -0.1)
(-0.15 -0.05 -0.1)
(-0.1333333333 -0.05 -0.1)
(-0.1166666667 -0.05 -0.1)
(-0.1 -0.05 -0.1)
(-0.08333333333 -0.05 -0.1)
(-0.06666666667 -0.05 -0.1)
(-0.05 -0.05 -0.1)
(-0.03333333333 -0.05 -0.1)
(-0.01666666667 -0.05 -0.1)
(0 -0.05 -0.1)
(-0.2 -0.04 -0.1)
(-0.1833333333 -0.04 -0.1)
(-0.1666666667 -0.04 -0.1)
(-0.15 -0.04 -0.1)
(-0.1333333333 -0.04 -0.1)
(-0.1166666667 -0.04 -0.1)
(-0.1 -0.04 -0.1)
(-0.08333333333 -0.04 -0.1)
(-0.06666666667 -0.04 -0.1)
(-0.05 -0.04 -0.1)
(-0.03333333333 -0.04 -0.1)
(-0.01666666667 -0.04 -0.1)
(0 -0.04 -0.1)
(-0.2 -0.03 -0.1)
(-0.1833333333 -0.03 -0.1)
(-0.1666666667 -0.03 -0.1)
(-0.15 -0.03 -0.1)
(-0.1333333333 -0.03 -0.1)
(-0.1166666667 -0.03 -0.1)
(-0.1 -0.03 -0.1)
(-0.08333333333 -0.03 -0.1)
(-0.06666666667 -0.03 -0.1)
(-0.05 -0.03 -0.1)
(-0.03333333333 -0.03 -0.1)
(-0.01666666667 -0.03 -0.1)
(0 -0.03 -0.1)
(-0.2 -0.02 -0.1)
(-0.1833333333 -0.02 -0.1)
(-0.1666666667 -0.02 -0.1)
(-0.15 -0.02 -0.1)
(-0.1333333333 -0.02 -0.1)
(-0.1166666667 -0.02 -0.1)
(-0.1 -0.02 -0.1)
(-0.08333333333 -0.02 -0.1)
(-0.06666666667 -0.02 -0.1)
(-0.05 -0.02 -0.1)
(-0.03333333333 -0.02 -0.1)
(-0.01666666667 -0.02 -0.1)
(0 -0.02 -0.1)
(-0.2 -0.01 -0.1)
(-0.1833333333 -0.01 -0.1)
(-0.1666666667 -0.01 -0.1)
(-0.15 -0.01 -0.1)
(-0.1333333333 -0.01 -0.1)
(-0.1166666667 -0.01 -0.1)
(-0.1 -0.01 -0.1)
(-0.08333333333 -0.01 -0.1)
(-0.06666666667 -0.01 -0.1)
(-0.05 -0.01 -0.1)
(-0.03333333333 -0.01 -0.1)
(-0.01666666667 -0.01 -0.1)
(0 -0.01 -0.1)
(-0.2 -0.13 0.1)
(-0.1833333333 -0.13 0.1)
(-0.1666666667 -0.13 0.1)
(-0.15 -0.13 0.1)
(-0.1333333333 -0.13 0.1)
(-0.1166666667 -0.13 0.1)
(-0.1 -0.13 0.1)
(-0.08333333333 -0.13 0.1)
(-0.06666666667 -0.13 0.1)
(-0.05 -0.13 0.1)
(-0.03333333333 -0.13 0.1)
(-0.01666666667 -0.13 0.1)
(0 -0.13 0.1)
(-0.2 -0.12 0.1)
(-0.1833333333 -0.12 0.1)
(-0.1666666667 -0.12 0.1)
(-0.15 -0.12 0.1)
(-0.1333333333 -0.12 0.1)
(-0.1166666667 -0.12 0.1)
(-0.1 -0.12 0.1)
(-0.08333333333 -0.12 0.1)
(-0.06666666667 -0.12 0.1)
(-0.05 -0.12 0.1)
(-0.03333333333 -0.12 0.1)
(-0.01666666667 -0.12 0.1)
(0 -0.12 0.1)
(-0.2 -0.11 0.1)
(-0.1833333333 -0.11 0.1)
(-0.1666666667 -0.11 0.1)
(-0.15 -0.11 0.1)
(-0.1333333333 -0.11 0.1)
(-0.1166666667 -0.11 0.1)
(-0.1 -0.11 0.1)
(-0.08333333333 -0.11 0.1)
(-0.06666666667 -0.11 0.1)
(-0.05 -0.11 0.1)
(-0.03333333333 -0.11 0.1)
(-0.01666666667 -0.11 0.1)
(0 -0.11 0.1)
(-0.2 -0.1 0.1)
(-0.1833333333 -0.1 0.1)
(-0.1666666667 -0.1 0.1)
(-0.15 -0.1 0.1)
(-0.1333333333 -0.1 0.1)
(-0.1166666667 -0.1 0.1)
(-0.1 -0.1 0.1)
(-0.08333333333 -0.1 0.1)
(-0.06666666667 -0.1 0.1)
(-0.05 -0.1 0.1)
(-0.03333333333 -0.1 0.1)
(-0.01666666667 -0.1 0.1)
(0 -0.1 0.1)
(-0.2 -0.09 0.1)
(-0.1833333333 -0.09 0.1)
(-0.1666666667 -0.09 0.1)
(-0.15 -0.09 0.1)
(-0.1333333333 -0.09 0.1)
(-0.1166666667 -0.09 0.1)
(-0.1 -0.09 0.1)
(-0.08333333333 -0.09 0.1)
(-0.06666666667 -0.09 0.1)
(-0.05 -0.09 0.1)
(-0.03333333333 -0.09 0.1)
(-0.01666666667 -0.09 0.1)
(0 -0.09 0.1)
(-0.2 -0.08 0.1)
(-0.1833333333 -0.08 0.1)
(-0.1666666667 -0.08 0.1)
(-0.15 -0.08 0.1)
(-0.1333333333 -0.08 0.1)
(-0.1166666667 -0.08 0.1)
(-0.1 -0.08 0.1)
(-0.08333333333 -0.08 0.1)
(-0.06666666667 -0.08 0.1)
(-0.05 -0.08 0.1)
(-0.03333333333 -0.08 0.1)
(-0.01666666667 -0.08 0.1)
(0 -0.08 0.1)
(-0.2 -0.07 0.1)
(-0.1833333333 -0.07 0.1)
(-0.1666666667 -0.07 0.1)
(-0.15 -0.07 0.1)
(-0.1333333333 -0.07 0.1)
(-0.1166666667 -0.07 0.1)
(-0.1 -0.07 0.1)
(-0.08333333333 -0.07 0.1)
(-0.06666666667 -0.07 0.1)
(-0.05 -0.07 0.1)
(-0.03333333333 -0.07 0.1)
(-0.01666666667 -0.07 0.1)
(0 -0.07 0.1)
(-0.2 -0.06 0.1)
(-0.1833333333 -0.06 0.1)
(-0.1666666667 -0.06 0.1)
(-0.15 -0.06 0.1)
(-0.1333333333 -0.06 0.1)
(-0.1166666667 -0.06 0.1)
(-0.1 -0.06 0.1)
(-0.08333333333 -0.06 0.1)
(-0.06666666667 -0.06 0.1)
(-0.05 -0.06 0.1)
(-0.03333333333 -0.06 0.1)
(-0.01666666667 -0.06 0.1)
(0 -0.06 0.1)
(-0.2 -0.05 0.1)
(-0.1833333333 -0.05 0.1)
(-0.1666666667 -0.05 0.1)
(-0.15 -0.05 0.1)
(-0.1333333333 -0.05 0.1)
(-0.1166666667 -0.05 0.1)
(-0.1 -0.05 0.1)
(-0.08333333333 -0.05 0.1)
(-0.06666666667 -0.05 0.1)
(-0.05 -0.05 0.1)
(-0.03333333333 -0.05 0.1)
(-0.01666666667 -0.05 0.1)
(0 -0.05 0.1)
(-0.2 -0.04 0.1)
(-0.1833333333 -0.04 0.1)
(-0.1666666667 -0.04 0.1)
(-0.15 -0.04 0.1)
(-0.1333333333 -0.04 0.1)
(-0.1166666667 -0.04 0.1)
(-0.1 -0.04 0.1)
(-0.08333333333 -0.04 0.1)
(-0.06666666667 -0.04 0.1)
(-0.05 -0.04 0.1)
(-0.03333333333 -0.04 0.1)
(-0.01666666667 -0.04 0.1)
(0 -0.04 0.1)
(-0.2 -0.03 0.1)
(-0.1833333333 -0.03 0.1)
(-0.1666666667 -0.03 0.1)
(-0.15 -0.03 0.1)
(-0.1333333333 -0.03 0.1)
(-0.1166666667 -0.03 0.1)
(-0.1 -0.03 0.1)
(-0.08333333333 -0.03 0.1)
(-0.06666666667 -0.03 0.1)
(-0.05 -0.03 0.1)
(-0.03333333333 -0.03 0.1)
(-0.01666666667 -0.03 0.1)
(0 -0.03 0.1)
(-0.2 -0.02 0.1)
(-0.1833333333 -0.02 0.1)
(-0.1666666667 -0.02 0.1)
(-0.15 -0.02 0.1)
(-0.1333333333 -0.02 0.1)
(-0.1166666667 -0.02 0.1)
(-0.1 -0.02 0.1)
(-0.08333333333 -0.02 0.1)
(-0.06666666667 -0.02 0.1)
(-0.05 -0.02 0.1)
(-0.03333333333 -0.02 0.1)
(-0.01666666667 -0.02 0.1)
(0 -0.02 0.1)
(-0.2 -0.01 0.1)
(-0.1833333333 -0.01 0.1)
(-0.1666666667 -0.01 0.1)
(-0.15 -0.01 0.1)
(-0.1333333333 -0.01 0.1)
(-0.1166666667 -0.01 0.1)
(-0.1 -0.01 0.1)
(-0.08333333333 -0.01 0.1)
(-0.06666666667 -0.01 0.1)
(-0.05 -0.01 0.1)
(-0.03333333333 -0.01 0.1)
(-0.01666666667 -0.01 0.1)
(0 -0.01 0.1)
(-0.2 0 -0.1)
(-0.1833333333 0 -0.1)
(-0.1666666667 0 -0.1)
(-0.15 0 -0.1)
(-0.1333333333 -1.445602897e-19 -0.1)
(-0.1166666667 1.445602897e-19 -0.1)
(-0.1 0 -0.1)
(-0.08333333333 0 -0.1)
(-0.06666666667 0 -0.1)
(-0.05 -7.228014483e-20 -0.1)
(-0.03333333333 -1.084202172e-19 -0.1)
(-0.01666666667 3.614007242e-20 -0.1)
(0 0 -0.1)
(-0.2 0.01 -0.1)
(-0.1833333333 0.01 -0.1)
(-0.1666666667 0.01 -0.1)
(-0.15 0.01 -0.1)
(-0.1333333333 0.01 -0.1)
(-0.1166666667 0.01 -0.1)
(-0.1 0.01 -0.1)
(-0.08333333333 0.01 -0.1)
(-0.06666666667 0.01 -0.1)
(-0.05 0.01 -0.1)
(-0.03333333333 0.01 -0.1)
(-0.01666666667 0.01 -0.1)
(0 0.01 -0.1)
(-0.2 0 0.1)
(-0.1833333333 0 0.1)
(-0.1666666667 0 0.1)
(-0.15 0 0.1)
(-0.1333333333 -1.445602897e-19 0.1)
(-0.1166666667 1.445602897e-19 0.1)
(-0.1 0 0.1)
(-0.08333333333 0 0.1)
(-0.06666666667 0 0.1)
(-0.05 -7.228014483e-20 0.1)
(-0.03333333333 -1.084202172e-19 0.1)
(-0.01666666667 3.614007242e-20 0.1)
(0 0 0.1)
(-0.2 0.01 0.1)
(-0.1833333333 0.01 0.1)
(-0.1666666667 0.01 0.1)
(-0.15 0.01 0.1)
(-0.1333333333 0.01 0.1)
(-0.1166666667 0.01 0.1)
(-0.1 0.01 0.1)
(-0.08333333333 0.01 0.1)
(-0.06666666667 0.01 0.1)
(-0.05 0.01 0.1)
(-0.03333333333 0.01 0.1)
(-0.01666666667 0.01 0.1)
(0 0.01 0.1)
(-0.2 0.02 -0.1)
(-0.1833333333 0.02 -0.1)
(-0.1666666667 0.02 -0.1)
(-0.15 0.02 -0.1)
(-0.1333333333 0.02 -0.1)
(-0.1166666667 0.02 -0.1)
(-0.1 0.02 -0.1)
(-0.08333333333 0.02 -0.1)
(-0.06666666667 0.02 -0.1)
(-0.05 0.02 -0.1)
(-0.03333333333 0.02 -0.1)
(-0.01666666667 0.02 -0.1)
(0 0.02 -0.1)
(-0.2 0.03 -0.1)
(-0.1833333333 0.03 -0.1)
(-0.1666666667 0.03 -0.1)
(-0.15 0.03 -0.1)
(-0.1333333333 0.03 -0.1)
(-0.1166666667 0.03 -0.1)
(-0.1 0.03 -0.1)
(-0.08333333333 0.03 -0.1)
(-0.06666666667 0.03 -0.1)
(-0.05 0.03 -0.1)
(-0.03333333333 0.03 -0.1)
(-0.01666666667 0.03 -0.1)
(0 0.03 -0.1)
(-0.2 0.04 -0.1)
(-0.1833333333 0.04 -0.1)
(-0.1666666667 0.04 -0.1)
(-0.15 0.04 -0.1)
(-0.1333333333 0.04 -0.1)
(-0.1166666667 0.04 -0.1)
(-0.1 0.04 -0.1)
(-0.08333333333 0.04 -0.1)
(-0.06666666667 0.04 -0.1)
(-0.05 0.04 -0.1)
(-0.03333333333 0.04 -0.1)
(-0.01666666667 0.04 -0.1)
(0 0.04 -0.1)
(-0.2 0.05 -0.1)
(-0.1833333333 0.05 -0.1)
(-0.1666666667 0.05 -0.1)
(-0.15 0.05 -0.1)
(-0.1333333333 0.05 -0.1)
(-0.1166666667 0.05 -0.1)
(-0.1 0.05 -0.1)
(-0.08333333333 0.05 -0.1)
(-0.06666666667 0.05 -0.1)
(-0.05 0.05 -0.1)
(-0.03333333333 0.05 -0.1)
(-0.01666666667 0.05 -0.1)
(0 0.05 -0.1)
(-0.2 0.06 -0.1)
(-0.1833333333 0.06 -0.1)
(-0.1666666667 0.06 -0.1)
(-0.15 0.06 -0.1)
(-0.1333333333 0.06 -0.1)
(-0.1166666667 0.06 -0.1)
(-0.1 0.06 -0.1)
(-0.08333333333 0.06 -0.1)
(-0.06666666667 0.06 -0.1)
(-0.05 0.06 -0.1)
(-0.03333333333 0.06 -0.1)
(-0.01666666667 0.06 -0.1)
(0 0.06 -0.1)
(-0.2 0.07 -0.1)
(-0.1833333333 0.07 -0.1)
(-0.1666666667 0.07 -0.1)
(-0.15 0.07 -0.1)
(-0.1333333333 0.07 -0.1)
(-0.1166666667 0.07 -0.1)
(-0.1 0.07 -0.1)
(-0.08333333333 0.07 -0.1)
(-0.06666666667 0.07 -0.1)
(-0.05 0.07 -0.1)
(-0.03333333333 0.07 -0.1)
(-0.01666666667 0.07 -0.1)
(0 0.07 -0.1)
(-0.2 0.08 -0.1)
(-0.1833333333 0.08 -0.1)
(-0.1666666667 0.08 -0.1)
(-0.15 0.08 -0.1)
(-0.1333333333 0.08 -0.1)
(-0.1166666667 0.08 -0.1)
(-0.1 0.08 -0.1)
(-0.08333333333 0.08 -0.1)
(-0.06666666667 0.08 -0.1)
(-0.05 0.08 -0.1)
(-0.03333333333 0.08 -0.1)
(-0.01666666667 0.08 -0.1)
(0 0.08 -0.1)
(-0.2 0.09 -0.1)
(-0.1833333333 0.09 -0.1)
(-0.1666666667 0.09 -0.1)
(-0.15 0.09 -0.1)
(-0.1333333333 0.09 -0.1)
(-0.1166666667 0.09 -0.1)
(-0.1 0.09 -0.1)
(-0.08333333333 0.09 -0.1)
(-0.06666666667 0.09 -0.1)
(-0.05 0.09 -0.1)
(-0.03333333333 0.09 -0.1)
(-0.01666666667 0.09 -0.1)
(0 0.09 -0.1)
(-0.2 0.1 -0.1)
(-0.1833333333 0.1 -0.1)
(-0.1666666667 0.1 -0.1)
(-0.15 0.1 -0.1)
(-0.1333333333 0.1 -0.1)
(-0.1166666667 0.1 -0.1)
(-0.1 0.1 -0.1)
(-0.08333333333 0.1 -0.1)
(-0.06666666667 0.1 -0.1)
(-0.05 0.1 -0.1)
(-0.03333333333 0.1 -0.1)
(-0.01666666667 0.1 -0.1)
(0 0.1 -0.1)
(-0.2 0.11 -0.1)
(-0.1833333333 0.11 -0.1)
(-0.1666666667 0.11 -0.1)
(-0.15 0.11 -0.1)
(-0.1333333333 0.11 -0.1)
(-0.1166666667 0.11 -0.1)
(-0.1 0.11 -0.1)
(-0.08333333333 0.11 -0.1)
(-0.06666666667 0.11 -0.1)
(-0.05 0.11 -0.1)
(-0.03333333333 0.11 -0.1)
(-0.01666666667 0.11 -0.1)
(0 0.11 -0.1)
(-0.2 0.12 -0.1)
(-0.1833333333 0.12 -0.1)
(-0.1666666667 0.12 -0.1)
(-0.15 0.12 -0.1)
(-0.1333333333 0.12 -0.1)
(-0.1166666667 0.12 -0.1)
(-0.1 0.12 -0.1)
(-0.08333333333 0.12 -0.1)
(-0.06666666667 0.12 -0.1)
(-0.05 0.12 -0.1)
(-0.03333333333 0.12 -0.1)
(-0.01666666667 0.12 -0.1)
(0 0.12 -0.1)
(-0.2 0.02 0.1)
(-0.1833333333 0.02 0.1)
(-0.1666666667 0.02 0.1)
(-0.15 0.02 0.1)
(-0.1333333333 0.02 0.1)
(-0.1166666667 0.02 0.1)
(-0.1 0.02 0.1)
(-0.08333333333 0.02 0.1)
(-0.06666666667 0.02 0.1)
(-0.05 0.02 0.1)
(-0.03333333333 0.02 0.1)
(-0.01666666667 0.02 0.1)
(0 0.02 0.1)
(-0.2 0.03 0.1)
(-0.1833333333 0.03 0.1)
(-0.1666666667 0.03 0.1)
(-0.15 0.03 0.1)
(-0.1333333333 0.03 0.1)
(-0.1166666667 0.03 0.1)
(-0.1 0.03 0.1)
(-0.08333333333 0.03 0.1)
(-0.06666666667 0.03 0.1)
(-0.05 0.03 0.1)
(-0.03333333333 0.03 0.1)
(-0.01666666667 0.03 0.1)
(0 0.03 0.1)
(-0.2 0.04 0.1)
(-0.1833333333 0.04 0.1)
(-0.1666666667 0.04 0.1)
(-0.15 0.04 0.1)
(-0.1333333333 0.04 0.1)
(-0.1166666667 0.04 0.1)
(-0.1 0.04 0.1)
(-0.08333333333 0.04 0.1)
(-0.06666666667 0.04 0.1)
(-0.05 0.04 0.1)
(-0.03333333333 0.04 0.1)
(-0.01666666667 0.04 0.1)
(0 0.04 0.1)
(-0.2 0.05 0.1)
(-0.1833333333 0.05 0.1)
(-0.1666666667 0.05 0.1)
(-0.15 0.05 0.1)
(-0.1333333333 0.05 0.1)
(-0.1166666667 0.05 0.1)
(-0.1 0.05 0.1)
(-0.08333333333 0.05 0.1)
(-0.06666666667 0.05 0.1)
(-0.05 0.05 0.1)
(-0.03333333333 0.05 0.1)
(-0.01666666667 0.05 0.1)
(0 0.05 0.1)
(-0.2 0.06 0.1)
(-0.1833333333 0.06 0.1)
(-0.1666666667 0.06 0.1)
(-0.15 0.06 0.1)
(-0.1333333333 0.06 0.1)
(-0.1166666667 0.06 0.1)
(-0.1 0.06 0.1)
(-0.08333333333 0.06 0.1)
(-0.06666666667 0.06 0.1)
(-0.05 0.06 0.1)
(-0.03333333333 0.06 0.1)
(-0.01666666667 0.06 0.1)
(0 0.06 0.1)
(-0.2 0.07 0.1)
(-0.1833333333 0.07 0.1)
(-0.1666666667 0.07 0.1)
(-0.15 0.07 0.1)
(-0.1333333333 0.07 0.1)
(-0.1166666667 0.07 0.1)
(-0.1 0.07 0.1)
(-0.08333333333 0.07 0.1)
(-0.06666666667 0.07 0.1)
(-0.05 0.07 0.1)
(-0.03333333333 0.07 0.1)
(-0.01666666667 0.07 0.1)
(0 0.07 0.1)
(-0.2 0.08 0.1)
(-0.1833333333 0.08 0.1)
(-0.1666666667 0.08 0.1)
(-0.15 0.08 0.1)
(-0.1333333333 0.08 0.1)
(-0.1166666667 0.08 0.1)
(-0.1 0.08 0.1)
(-0.08333333333 0.08 0.1)
(-0.06666666667 0.08 0.1)
(-0.05 0.08 0.1)
(-0.03333333333 0.08 0.1)
(-0.01666666667 0.08 0.1)
(0 0.08 0.1)
(-0.2 0.09 0.1)
(-0.1833333333 0.09 0.1)
(-0.1666666667 0.09 0.1)
(-0.15 0.09 0.1)
(-0.1333333333 0.09 0.1)
(-0.1166666667 0.09 0.1)
(-0.1 0.09 0.1)
(-0.08333333333 0.09 0.1)
(-0.06666666667 0.09 0.1)
(-0.05 0.09 0.1)
(-0.03333333333 0.09 0.1)
(-0.01666666667 0.09 0.1)
(0 0.09 0.1)
(-0.2 0.1 0.1)
(-0.1833333333 0.1 0.1)
(-0.1666666667 0.1 0.1)
(-0.15 0.1 0.1)
(-0.1333333333 0.1 0.1)
(-0.1166666667 0.1 0.1)
(-0.1 0.1 0.1)
(-0.08333333333 0.1 0.1)
(-0.06666666667 0.1 0.1)
(-0.05 0.1 0.1)
(-0.03333333333 0.1 0.1)
(-0.01666666667 0.1 0.1)
(0 0.1 0.1)
(-0.2 0.11 0.1)
(-0.1833333333 0.11 0.1)
(-0.1666666667 0.11 0.1)
(-0.15 0.11 0.1)
(-0.1333333333 0.11 0.1)
(-0.1166666667 0.11 0.1)
(-0.1 0.11 0.1)
(-0.08333333333 0.11 0.1)
(-0.06666666667 0.11 0.1)
(-0.05 0.11 0.1)
(-0.03333333333 0.11 0.1)
(-0.01666666667 0.11 0.1)
(0 0.11 0.1)
(-0.2 0.12 0.1)
(-0.1833333333 0.12 0.1)
(-0.1666666667 0.12 0.1)
(-0.15 0.12 0.1)
(-0.1333333333 0.12 0.1)
(-0.1166666667 0.12 0.1)
(-0.1 0.12 0.1)
(-0.08333333333 0.12 0.1)
(-0.06666666667 0.12 0.1)
(-0.05 0.12 0.1)
(-0.03333333333 0.12 0.1)
(-0.01666666667 0.12 0.1)
(0 0.12 0.1)
(0.01428571429 -0.13 -0.1)
(0.02857142857 -0.13 -0.1)
(0.04285714286 -0.13 -0.1)
(0.05714285714 -0.13 -0.1)
(0.07142857143 -0.13 -0.1)
(0.08571428571 -0.13 -0.1)
(0.1 -0.13 -0.1)
(0.1142857143 -0.13 -0.1)
(0.1285714286 -0.13 -0.1)
(0.1428571429 -0.13 -0.1)
(0.1571428571 -0.13 -0.1)
(0.1714285714 -0.13 -0.1)
(0.1857142857 -0.13 -0.1)
(0.2 -0.13 -0.1)
(0.01428571429 -0.12 -0.1)
(0.02857142857 -0.12 -0.1)
(0.04285714286 -0.12 -0.1)
(0.05714285714 -0.12 -0.1)
(0.07142857143 -0.12 -0.1)
(0.08571428571 -0.12 -0.1)
(0.1 -0.12 -0.1)
(0.1142857143 -0.12 -0.1)
(0.1285714286 -0.12 -0.1)
(0.1428571429 -0.12 -0.1)
(0.1571428571 -0.12 -0.1)
(0.1714285714 -0.12 -0.1)
(0.1857142857 -0.12 -0.1)
(0.2 -0.12 -0.1)
(0.01428571429 -0.11 -0.1)
(0.02857142857 -0.11 -0.1)
(0.04285714286 -0.11 -0.1)
(0.05714285714 -0.11 -0.1)
(0.07142857143 -0.11 -0.1)
(0.08571428571 -0.11 -0.1)
(0.1 -0.11 -0.1)
(0.1142857143 -0.11 -0.1)
(0.1285714286 -0.11 -0.1)
(0.1428571429 -0.11 -0.1)
(0.1571428571 -0.11 -0.1)
(0.1714285714 -0.11 -0.1)
(0.1857142857 -0.11 -0.1)
(0.2 -0.11 -0.1)
(0.01428571429 -0.1 -0.1)
(0.02857142857 -0.1 -0.1)
(0.04285714286 -0.1 -0.1)
(0.05714285714 -0.1 -0.1)
(0.07142857143 -0.1 -0.1)
(0.08571428571 -0.1 -0.1)
(0.1 -0.1 -0.1)
(0.1142857143 -0.1 -0.1)
(0.1285714286 -0.1 -0.1)
(0.1428571429 -0.1 -0.1)
(0.1571428571 -0.1 -0.1)
(0.1714285714 -0.1 -0.1)
(0.1857142857 -0.1 -0.1)
(0.2 -0.1 -0.1)
(0.01428571429 -0.09 -0.1)
(0.02857142857 -0.09 -0.1)
(0.04285714286 -0.09 -0.1)
(0.05714285714 -0.09 -0.1)
(0.07142857143 -0.09 -0.1)
(0.08571428571 -0.09 -0.1)
(0.1 -0.09 -0.1)
(0.1142857143 -0.09 -0.1)
(0.1285714286 -0.09 -0.1)
(0.1428571429 -0.09 -0.1)
(0.1571428571 -0.09 -0.1)
(0.1714285714 -0.09 -0.1)
(0.1857142857 -0.09 -0.1)
(0.2 -0.09 -0.1)
(0.01428571429 -0.08 -0.1)
(0.02857142857 -0.08 -0.1)
(0.04285714286 -0.08 -0.1)
(0.05714285714 -0.08 -0.1)
(0.07142857143 -0.08 -0.1)
(0.08571428571 -0.08 -0.1)
(0.1 -0.08 -0.1)
(0.1142857143 -0.08 -0.1)
(0.1285714286 -0.08 -0.1)
(0.1428571429 -0.08 -0.1)
(0.1571428571 -0.08 -0.1)
(0.1714285714 -0.08 -0.1)
(0.1857142857 -0.08 -0.1)
(0.2 -0.08 -0.1)
(0.01428571429 -0.07 -0.1)
(0.02857142857 -0.07 -0.1)
(0.04285714286 -0.07 -0.1)
(0.05714285714 -0.07 -0.1)
(0.07142857143 -0.07 -0.1)
(0.08571428571 -0.07 -0.1)
(0.1 -0.07 -0.1)
(0.1142857143 -0.07 -0.1)
(0.1285714286 -0.07 -0.1)
(0.1428571429 -0.07 -0.1)
(0.1571428571 -0.07 -0.1)
(0.1714285714 -0.07 -0.1)
(0.1857142857 -0.07 -0.1)
(0.2 -0.07 -0.1)
(0.01428571429 -0.06 -0.1)
(0.02857142857 -0.06 -0.1)
(0.04285714286 -0.06 -0.1)
(0.05714285714 -0.06 -0.1)
(0.07142857143 -0.06 -0.1)
(0.08571428571 -0.06 -0.1)
(0.1 -0.06 -0.1)
(0.1142857143 -0.06 -0.1)
(0.1285714286 -0.06 -0.1)
(0.1428571429 -0.06 -0.1)
(0.1571428571 -0.06 -0.1)
(0.1714285714 -0.06 -0.1)
(0.1857142857 -0.06 -0.1)
(0.2 -0.06 -0.1)
(0.01428571429 -0.05 -0.1)
(0.02857142857 -0.05 -0.1)
(0.04285714286 -0.05 -0.1)
(0.05714285714 -0.05 -0.1)
(0.07142857143 -0.05 -0.1)
(0.08571428571 -0.05 -0.1)
(0.1 -0.05 -0.1)
(0.1142857143 -0.05 -0.1)
(0.1285714286 -0.05 -0.1)
(0.1428571429 -0.05 -0.1)
(0.1571428571 -0.05 -0.1)
(0.1714285714 -0.05 -0.1)
(0.1857142857 -0.05 -0.1)
(0.2 -0.05 -0.1)
(0.01428571429 -0.04 -0.1)
(0.02857142857 -0.04 -0.1)
(0.04285714286 -0.04 -0.1)
(0.05714285714 -0.04 -0.1)
(0.07142857143 -0.04 -0.1)
(0.08571428571 -0.04 -0.1)
(0.1 -0.04 -0.1)
(0.1142857143 -0.04 -0.1)
(0.1285714286 -0.04 -0.1)
(0.1428571429 -0.04 -0.1)
(0.1571428571 -0.04 -0.1)
(0.1714285714 -0.04 -0.1)
(0.1857142857 -0.04 -0.1)
(0.2 -0.04 -0.1)
(0.01428571429 -0.03 -0.1)
(0.02857142857 -0.03 -0.1)
(0.04285714286 -0.03 -0.1)
(0.05714285714 -0.03 -0.1)
(0.07142857143 -0.03 -0.1)
(0.08571428571 -0.03 -0.1)
(0.1 -0.03 -0.1)
(0.1142857143 -0.03 -0.1)
(0.1285714286 -0.03 -0.1)
(0.1428571429 -0.03 -0.1)
(0.1571428571 -0.03 -0.1)
(0.1714285714 -0.03 -0.1)
(0.1857142857 -0.03 -0.1)
(0.2 -0.03 -0.1)
(0.01428571429 -0.02 -0.1)
(0.02857142857 -0.02 -0.1)
(0.04285714286 -0.02 -0.1)
(0.05714285714 -0.02 -0.1)
(0.07142857143 -0.02 -0.1)
(0.08571428571 -0.02 -0.1)
(0.1 -0.02 -0.1)
(0.1142857143 -0.02 -0.1)
(0.1285714286 -0.02 -0.1)
(0.1428571429 -0.02 -0.1)
(0.1571428571 -0.02 -0.1)
(0.1714285714 -0.02 -0.1)
(0.1857142857 -0.02 -0.1)
(0.2 -0.02 -0.1)
(0.01428571429 -0.01 -0.1)
(0.02857142857 -0.01 -0.1)
(0.04285714286 -0.01 -0.1)
(0.05714285714 -0.01 -0.1)
(0.07142857143 -0.01 -0.1)
(0.08571428571 -0.01 -0.1)
(0.1 -0.01 -0.1)
(0.1142857143 -0.01 -0.1)
(0.1285714286 -0.01 -0.1)
(0.1428571429 -0.01 -0.1)
(0.1571428571 -0.01 -0.1)
(0.1714285714 -0.01 -0.1)
(0.1857142857 -0.01 -0.1)
(0.2 -0.01 -0.1)
(0.01428571429 -0.13 0.1)
(0.02857142857 -0.13 0.1)
(0.04285714286 -0.13 0.1)
(0.05714285714 -0.13 0.1)
(0.07142857143 -0.13 0.1)
(0.08571428571 -0.13 0.1)
(0.1 -0.13 0.1)
(0.1142857143 -0.13 0.1)
(0.1285714286 -0.13 0.1)
(0.1428571429 -0.13 0.1)
(0.1571428571 -0.13 0.1)
(0.1714285714 -0.13 0.1)
(0.1857142857 -0.13 0.1)
(0.2 -0.13 0.1)
(0.01428571429 -0.12 0.1)
(0.02857142857 -0.12 0.1)
(0.04285714286 -0.12 0.1)
(0.05714285714 -0.12 0.1)
(0.07142857143 -0.12 0.1)
(0.08571428571 -0.12 0.1)
(0.1 -0.12 0.1)
(0.1142857143 -0.12 0.1)
(0.1285714286 -0.12 0.1)
(0.1428571429 -0.12 0.1)
(0.1571428571 -0.12 0.1)
(0.1714285714 -0.12 0.1)
(0.1857142857 -0.12 0.1)
(0.2 -0.12 0.1)
(0.01428571429 -0.11 0.1)
(0.02857142857 -0.11 0.1)
(0.04285714286 -0.11 0.1)
(0.05714285714 -0.11 0.1)
(0.07142857143 -0.11 0.1)
(0.08571428571 -0.11 0.1)
(0.1 -0.11 0.1)
(0.1142857143 -0.11 0.1)
(0.1285714286 -0.11 0.1)
(0.1428571429 -0.11 0.1)
(0.1571428571 -0.11 0.1)
(0.1714285714 -0.11 0.1)
(0.1857142857 -0.11 0.1)
(0.2 -0.11 0.1)
(0.01428571429 -0.1 0.1)
(0.02857142857 -0.1 0.1)
(0.04285714286 -0.1 0.1)
(0.05714285714 -0.1 0.1)
(0.07142857143 -0.1 0.1)
(0.08571428571 -0.1 0.1)
(0.1 -0.1 0.1)
(0.1142857143 -0.1 0.1)
(0.1285714286 -0.1 0.1)
(0.1428571429 -0.1 0.1)
(0.1571428571 -0.1 0.1)
(0.1714285714 -0.1 0.1)
(0.1857142857 -0.1 0.1)
(0.2 -0.1 0.1)
(0.01428571429 -0.09 0.1)
(0.02857142857 -0.09 0.1)
(0.04285714286 -0.09 0.1)
(0.05714285714 -0.09 0.1)
(0.07142857143 -0.09 0.1)
(0.08571428571 -0.09 0.1)
(0.1 -0.09 0.1)
(0.1142857143 -0.09 0.1)
(0.1285714286 -0.09 0.1)
(0.1428571429 -0.09 0.1)
(0.1571428571 -0.09 0.1)
(0.1714285714 -0.09 0.1)
(0.1857142857 -0.09 0.1)
(0.2 -0.09 0.1)
(0.01428571429 -0.08 0.1)
(0.02857142857 -0.08 0.1)
(0.04285714286 -0.08 0.1)
(0.05714285714 -0.08 0.1)
(0.07142857143 -0.08 0.1)
(0.08571428571 -0.08 0.1)
(0.1 -0.08 0.1)
(0.1142857143 -0.08 0.1)
(0.1285714286 -0.08 0.1)
(0.1428571429 -0.08 0.1)
(0.1571428571 -0.08 0.1)
(0.1714285714 -0.08 0.1)
(0.1857142857 -0.08 0.1)
(0.2 -0.08 0.1)
(0.01428571429 -0.07 0.1)
(0.02857142857 -0.07 0.1)
(0.04285714286 -0.07 0.1)
(0.05714285714 -0.07 0.1)
(0.07142857143 -0.07 0.1)
(0.08571428571 -0.07 0.1)
(0.1 -0.07 0.1)
(0.1142857143 -0.07 0.1)
(0.1285714286 -0.07 0.1)
(0.1428571429 -0.07 0.1)
(0.1571428571 -0.07 0.1)
(0.1714285714 -0.07 0.1)
(0.1857142857 -0.07 0.1)
(0.2 -0.07 0.1)
(0.01428571429 -0.06 0.1)
(0.02857142857 -0.06 0.1)
(0.04285714286 -0.06 0.1)
(0.05714285714 -0.06 0.1)
(0.07142857143 -0.06 0.1)
(0.08571428571 -0.06 0.1)
(0.1 -0.06 0.1)
(0.1142857143 -0.06 0.1)
(0.1285714286 -0.06 0.1)
(0.1428571429 -0.06 0.1)
(0.1571428571 -0.06 0.1)
(0.1714285714 -0.06 0.1)
(0.1857142857 -0.06 0.1)
(0.2 -0.06 0.1)
(0.01428571429 -0.05 0.1)
(0.02857142857 -0.05 0.1)
(0.04285714286 -0.05 0.1)
(0.05714285714 -0.05 0.1)
(0.07142857143 -0.05 0.1)
(0.08571428571 -0.05 0.1)
(0.1 -0.05 0.1)
(0.1142857143 -0.05 0.1)
(0.1285714286 -0.05 0.1)
(0.1428571429 -0.05 0.1)
(0.1571428571 -0.05 0.1)
(0.1714285714 -0.05 0.1)
(0.1857142857 -0.05 0.1)
(0.2 -0.05 0.1)
(0.01428571429 -0.04 0.1)
(0.02857142857 -0.04 0.1)
(0.04285714286 -0.04 0.1)
(0.05714285714 -0.04 0.1)
(0.07142857143 -0.04 0.1)
(0.08571428571 -0.04 0.1)
(0.1 -0.04 0.1)
(0.1142857143 -0.04 0.1)
(0.1285714286 -0.04 0.1)
(0.1428571429 -0.04 0.1)
(0.1571428571 -0.04 0.1)
(0.1714285714 -0.04 0.1)
(0.1857142857 -0.04 0.1)
(0.2 -0.04 0.1)
(0.01428571429 -0.03 0.1)
(0.02857142857 -0.03 0.1)
(0.04285714286 -0.03 0.1)
(0.05714285714 -0.03 0.1)
(0.07142857143 -0.03 0.1)
(0.08571428571 -0.03 0.1)
(0.1 -0.03 0.1)
(0.1142857143 -0.03 0.1)
(0.1285714286 -0.03 0.1)
(0.1428571429 -0.03 0.1)
(0.1571428571 -0.03 0.1)
(0.1714285714 -0.03 0.1)
(0.1857142857 -0.03 0.1)
(0.2 -0.03 0.1)
(0.01428571429 -0.02 0.1)
(0.02857142857 -0.02 0.1)
(0.04285714286 -0.02 0.1)
(0.05714285714 -0.02 0.1)
(0.07142857143 -0.02 0.1)
(0.08571428571 -0.02 0.1)
(0.1 -0.02 0.1)
(0.1142857143 -0.02 0.1)
(0.1285714286 -0.02 0.1)
(0.1428571429 -0.02 0.1)
(0.1571428571 -0.02 0.1)
(0.1714285714 -0.02 0.1)
(0.1857142857 -0.02 0.1)
(0.2 -0.02 0.1)
(0.01428571429 -0.01 0.1)
(0.02857142857 -0.01 0.1)
(0.04285714286 -0.01 0.1)
(0.05714285714 -0.01 0.1)
(0.07142857143 -0.01 0.1)
(0.08571428571 -0.01 0.1)
(0.1 -0.01 0.1)
(0.1142857143 -0.01 0.1)
(0.1285714286 -0.01 0.1)
(0.1428571429 -0.01 0.1)
(0.1571428571 -0.01 0.1)
(0.1714285714 -0.01 0.1)
(0.1857142857 -0.01 0.1)
(0.2 -0.01 0.1)
(0.01428571429 0.01 -0.1)
(0.02857142857 0.01 -0.1)
(0.04285714286 0.01 -0.1)
(0.05714285714 0.01 -0.1)
(0.07142857143 0.01 -0.1)
(0.08571428571 0.01 -0.1)
(0.1 0.01 -0.1)
(0.1142857143 0.01 -0.1)
(0.1285714286 0.01 -0.1)
(0.1428571429 0.01 -0.1)
(0.1571428571 0.01 -0.1)
(0.1714285714 0.01 -0.1)
(0.1857142857 0.01 -0.1)
(0.2 0.01 -0.1)
(0.01428571429 0.02 -0.1)
(0.02857142857 0.02 -0.1)
(0.04285714286 0.02 -0.1)
(0.05714285714 0.02 -0.1)
(0.07142857143 0.02 -0.1)
(0.08571428571 0.02 -0.1)
(0.1 0.02 -0.1)
(0.1142857143 0.02 -0.1)
(0.1285714286 0.02 -0.1)
(0.1428571429 0.02 -0.1)
(0.1571428571 0.02 -0.1)
(0.1714285714 0.02 -0.1)
(0.1857142857 0.02 -0.1)
(0.2 0.02 -0.1)
(0.01428571429 0.03 -0.1)
(0.02857142857 0.03 -0.1)
(0.04285714286 0.03 -0.1)
(0.05714285714 0.03 -0.1)
(0.07142857143 0.03 -0.1)
(0.08571428571 0.03 -0.1)
(0.1 0.03 -0.1)
(0.1142857143 0.03 -0.1)
(0.1285714286 0.03 -0.1)
(0.1428571429 0.03 -0.1)
(0.1571428571 0.03 -0.1)
(0.1714285714 0.03 -0.1)
(0.1857142857 0.03 -0.1)
(0.2 0.03 -0.1)
(0.01428571429 0.04 -0.1)
(0.02857142857 0.04 -0.1)
(0.04285714286 0.04 -0.1)
(0.05714285714 0.04 -0.1)
(0.07142857143 0.04 -0.1)
(0.08571428571 0.04 -0.1)
(0.1 0.04 -0.1)
(0.1142857143 0.04 -0.1)
(0.1285714286 0.04 -0.1)
(0.1428571429 0.04 -0.1)
(0.1571428571 0.04 -0.1)
(0.1714285714 0.04 -0.1)
(0.1857142857 0.04 -0.1)
(0.2 0.04 -0.1)
(0.01428571429 0.05 -0.1)
(0.02857142857 0.05 -0.1)
(0.04285714286 0.05 -0.1)
(0.05714285714 0.05 -0.1)
(0.07142857143 0.05 -0.1)
(0.08571428571 0.05 -0.1)
(0.1 0.05 -0.1)
(0.1142857143 0.05 -0.1)
(0.1285714286 0.05 -0.1)
(0.1428571429 0.05 -0.1)
(0.1571428571 0.05 -0.1)
(0.1714285714 0.05 -0.1)
(0.1857142857 0.05 -0.1)
(0.2 0.05 -0.1)
(0.01428571429 0.06 -0.1)
(0.02857142857 0.06 -0.1)
(0.04285714286 0.06 -0.1)
(0.05714285714 0.06 -0.1)
(0.07142857143 0.06 -0.1)
(0.08571428571 0.06 -0.1)
(0.1 0.06 -0.1)
(0.1142857143 0.06 -0.1)
(0.1285714286 0.06 -0.1)
(0.1428571429 0.06 -0.1)
(0.1571428571 0.06 -0.1)
(0.1714285714 0.06 -0.1)
(0.1857142857 0.06 -0.1)
(0.2 0.06 -0.1)
(0.01428571429 0.07 -0.1)
(0.02857142857 0.07 -0.1)
(0.04285714286 0.07 -0.1)
(0.05714285714 0.07 -0.1)
(0.07142857143 0.07 -0.1)
(0.08571428571 0.07 -0.1)
(0.1 0.07 -0.1)
(0.1142857143 0.07 -0.1)
(0.1285714286 0.07 -0.1)
(0.1428571429 0.07 -0.1)
(0.1571428571 0.07 -0.1)
(0.1714285714 0.07 -0.1)
(0.1857142857 0.07 -0.1)
(0.2 0.07 -0.1)
(0.01428571429 0.08 -0.1)
(0.02857142857 0.08 -0.1)
(0.04285714286 0.08 -0.1)
(0.05714285714 0.08 -0.1)
(0.07142857143 0.08 -0.1)
(0.08571428571 0.08 -0.1)
(0.1 0.08 -0.1)
(0.1142857143 0.08 -0.1)
(0.1285714286 0.08 -0.1)
(0.1428571429 0.08 -0.1)
(0.1571428571 0.08 -0.1)
(0.1714285714 0.08 -0.1)
(0.1857142857 0.08 -0.1)
(0.2 0.08 -0.1)
(0.01428571429 0.09 -0.1)
(0.02857142857 0.09 -0.1)
(0.04285714286 0.09 -0.1)
(0.05714285714 0.09 -0.1)
(0.07142857143 0.09 -0.1)
(0.08571428571 0.09 -0.1)
(0.1 0.09 -0.1)
(0.1142857143 0.09 -0.1)
(0.1285714286 0.09 -0.1)
(0.1428571429 0.09 -0.1)
(0.1571428571 0.09 -0.1)
(0.1714285714 0.09 -0.1)
(0.1857142857 0.09 -0.1)
(0.2 0.09 -0.1)
(0.01428571429 0.1 -0.1)
(0.02857142857 0.1 -0.1)
(0.04285714286 0.1 -0.1)
(0.05714285714 0.1 -0.1)
(0.07142857143 0.1 -0.1)
(0.08571428571 0.1 -0.1)
(0.1 0.1 -0.1)
(0.1142857143 0.1 -0.1)
(0.1285714286 0.1 -0.1)
(0.1428571429 0.1 -0.1)
(0.1571428571 0.1 -0.1)
(0.1714285714 0.1 -0.1)
(0.1857142857 0.1 -0.1)
(0.2 0.1 -0.1)
(0.01428571429 0.11 -0.1)
(0.02857142857 0.11 -0.1)
(0.04285714286 0.11 -0.1)
(0.05714285714 0.11 -0.1)
(0.07142857143 0.11 -0.1)
(0.08571428571 0.11 -0.1)
(0.1 0.11 -0.1)
(0.1142857143 0.11 -0.1)
(0.1285714286 0.11 -0.1)
(0.1428571429 0.11 -0.1)
(0.1571428571 0.11 -0.1)
(0.1714285714 0.11 -0.1)
(0.1857142857 0.11 -0.1)
(0.2 0.11 -0.1)
(0.01428571429 0.12 -0.1)
(0.02857142857 0.12 -0.1)
(0.04285714286 0.12 -0.1)
(0.05714285714 0.12 -0.1)
(0.07142857143 0.12 -0.1)
(0.08571428571 0.12 -0.1)
(0.1 0.12 -0.1)
(0.1142857143 0.12 -0.1)
(0.1285714286 0.12 -0.1)
(0.1428571429 0.12 -0.1)
(0.1571428571 0.12 -0.1)
(0.1714285714 0.12 -0.1)
(0.1857142857 0.12 -0.1)
(0.2 0.12 -0.1)
(0.01428571429 0.01 0.1)
(0.02857142857 0.01 0.1)
(0.04285714286 0.01 0.1)
(0.05714285714 0.01 0.1)
(0.07142857143 0.01 0.1)
(0.08571428571 0.01 0.1)
(0.1 0.01 0.1)
(0.1142857143 0.01 0.1)
(0.1285714286 0.01 0.1)
(0.1428571429 0.01 0.1)
(0.1571428571 0.01 0.1)
(0.1714285714 0.01 0.1)
(0.1857142857 0.01 0.1)
(0.2 0.01 0.1)
(0.01428571429 0.02 0.1)
(0.02857142857 0.02 0.1)
(0.04285714286 0.02 0.1)
(0.05714285714 0.02 0.1)
(0.07142857143 0.02 0.1)
(0.08571428571 0.02 0.1)
(0.1 0.02 0.1)
(0.1142857143 0.02 0.1)
(0.1285714286 0.02 0.1)
(0.1428571429 0.02 0.1)
(0.1571428571 0.02 0.1)
(0.1714285714 0.02 0.1)
(0.1857142857 0.02 0.1)
(0.2 0.02 0.1)
(0.01428571429 0.03 0.1)
(0.02857142857 0.03 0.1)
(0.04285714286 0.03 0.1)
(0.05714285714 0.03 0.1)
(0.07142857143 0.03 0.1)
(0.08571428571 0.03 0.1)
(0.1 0.03 0.1)
(0.1142857143 0.03 0.1)
(0.1285714286 0.03 0.1)
(0.1428571429 0.03 0.1)
(0.1571428571 0.03 0.1)
(0.1714285714 0.03 0.1)
(0.1857142857 0.03 0.1)
(0.2 0.03 0.1)
(0.01428571429 0.04 0.1)
(0.02857142857 0.04 0.1)
(0.04285714286 0.04 0.1)
(0.05714285714 0.04 0.1)
(0.07142857143 0.04 0.1)
(0.08571428571 0.04 0.1)
(0.1 0.04 0.1)
(0.1142857143 0.04 0.1)
(0.1285714286 0.04 0.1)
(0.1428571429 0.04 0.1)
(0.1571428571 0.04 0.1)
(0.1714285714 0.04 0.1)
(0.1857142857 0.04 0.1)
(0.2 0.04 0.1)
(0.01428571429 0.05 0.1)
(0.02857142857 0.05 0.1)
(0.04285714286 0.05 0.1)
(0.05714285714 0.05 0.1)
(0.07142857143 0.05 0.1)
(0.08571428571 0.05 0.1)
(0.1 0.05 0.1)
(0.1142857143 0.05 0.1)
(0.1285714286 0.05 0.1)
(0.1428571429 0.05 0.1)
(0.1571428571 0.05 0.1)
(0.1714285714 0.05 0.1)
(0.1857142857 0.05 0.1)
(0.2 0.05 0.1)
(0.01428571429 0.06 0.1)
(0.02857142857 0.06 0.1)
(0.04285714286 0.06 0.1)
(0.05714285714 0.06 0.1)
(0.07142857143 0.06 0.1)
(0.08571428571 0.06 0.1)
(0.1 0.06 0.1)
(0.1142857143 0.06 0.1)
(0.1285714286 0.06 0.1)
(0.1428571429 0.06 0.1)
(0.1571428571 0.06 0.1)
(0.1714285714 0.06 0.1)
(0.1857142857 0.06 0.1)
(0.2 0.06 0.1)
(0.01428571429 0.07 0.1)
(0.02857142857 0.07 0.1)
(0.04285714286 0.07 0.1)
(0.05714285714 0.07 0.1)
(0.07142857143 0.07 0.1)
(0.08571428571 0.07 0.1)
(0.1 0.07 0.1)
(0.1142857143 0.07 0.1)
(0.1285714286 0.07 0.1)
(0.1428571429 0.07 0.1)
(0.1571428571 0.07 0.1)
(0.1714285714 0.07 0.1)
(0.1857142857 0.07 0.1)
(0.2 0.07 0.1)
(0.01428571429 0.08 0.1)
(0.02857142857 0.08 0.1)
(0.04285714286 0.08 0.1)
(0.05714285714 0.08 0.1)
(0.07142857143 0.08 0.1)
(0.08571428571 0.08 0.1)
(0.1 0.08 0.1)
(0.1142857143 0.08 0.1)
(0.1285714286 0.08 0.1)
(0.1428571429 0.08 0.1)
(0.1571428571 0.08 0.1)
(0.1714285714 0.08 0.1)
(0.1857142857 0.08 0.1)
(0.2 0.08 0.1)
(0.01428571429 0.09 0.1)
(0.02857142857 0.09 0.1)
(0.04285714286 0.09 0.1)
(0.05714285714 0.09 0.1)
(0.07142857143 0.09 0.1)
(0.08571428571 0.09 0.1)
(0.1 0.09 0.1)
(0.1142857143 0.09 0.1)
(0.1285714286 0.09 0.1)
(0.1428571429 0.09 0.1)
(0.1571428571 0.09 0.1)
(0.1714285714 0.09 0.1)
(0.1857142857 0.09 0.1)
(0.2 0.09 0.1)
(0.01428571429 0.1 0.1)
(0.02857142857 0.1 0.1)
(0.04285714286 0.1 0.1)
(0.05714285714 0.1 0.1)
(0.07142857143 0.1 0.1)
(0.08571428571 0.1 0.1)
(0.1 0.1 0.1)
(0.1142857143 0.1 0.1)
(0.1285714286 0.1 0.1)
(0.1428571429 0.1 0.1)
(0.1571428571 0.1 0.1)
(0.1714285714 0.1 0.1)
(0.1857142857 0.1 0.1)
(0.2 0.1 0.1)
(0.01428571429 0.11 0.1)
(0.02857142857 0.11 0.1)
(0.04285714286 0.11 0.1)
(0.05714285714 0.11 0.1)
(0.07142857143 0.11 0.1)
(0.08571428571 0.11 0.1)
(0.1 0.11 0.1)
(0.1142857143 0.11 0.1)
(0.1285714286 0.11 0.1)
(0.1428571429 0.11 0.1)
(0.1571428571 0.11 0.1)
(0.1714285714 0.11 0.1)
(0.1857142857 0.11 0.1)
(0.2 0.11 0.1)
(0.01428571429 0.12 0.1)
(0.02857142857 0.12 0.1)
(0.04285714286 0.12 0.1)
(0.05714285714 0.12 0.1)
(0.07142857143 0.12 0.1)
(0.08571428571 0.12 0.1)
(0.1 0.12 0.1)
(0.1142857143 0.12 0.1)
(0.1285714286 0.12 0.1)
(0.1428571429 0.12 0.1)
(0.1571428571 0.12 0.1)
(0.1714285714 0.12 0.1)
(0.1857142857 0.12 0.1)
(0.2 0.12 0.1)
(0.2091669431 -0.13 -0.1)
(0.2190277375 -0.13 -0.1)
(0.2296349012 -0.13 -0.1)
(0.2410449273 -0.13 -0.1)
(0.2533185851 -0.13 -0.1)
(0.2665212431 -0.13 -0.1)
(0.2807232181 -0.13 -0.1)
(0.2960001489 -0.13 -0.1)
(0.3124333996 -0.13 -0.1)
(0.3301104926 -0.13 -0.1)
(0.3491255751 -0.13 -0.1)
(0.3695799204 -0.13 -0.1)
(0.3915824671 -0.13 -0.1)
(0.4152503995 -0.13 -0.1)
(0.4407097715 -0.13 -0.1)
(0.4680961783 -0.13 -0.1)
(0.4975554783 -0.13 -0.1)
(0.52924457 -0.13 -0.1)
(0.5633322276 -0.13 -0.1)
(0.6 -0.13 -0.1)
(0.2091669431 -0.12 -0.1)
(0.2190277375 -0.12 -0.1)
(0.2296349012 -0.12 -0.1)
(0.2410449273 -0.12 -0.1)
(0.2533185851 -0.12 -0.1)
(0.2665212431 -0.12 -0.1)
(0.2807232181 -0.12 -0.1)
(0.2960001489 -0.12 -0.1)
(0.3124333996 -0.12 -0.1)
(0.3301104926 -0.12 -0.1)
(0.3491255751 -0.12 -0.1)
(0.3695799204 -0.12 -0.1)
(0.3915824671 -0.12 -0.1)
(0.4152503995 -0.12 -0.1)
(0.4407097715 -0.12 -0.1)
(0.4680961783 -0.12 -0.1)
(0.4975554783 -0.12 -0.1)
(0.52924457 -0.12 -0.1)
(0.5633322276 -0.12 -0.1)
(0.6 -0.12 -0.1)
(0.2091669431 -0.11 -0.1)
(0.2190277375 -0.11 -0.1)
(0.2296349012 -0.11 -0.1)
(0.2410449273 -0.11 -0.1)
(0.2533185851 -0.11 -0.1)
(0.2665212431 -0.11 -0.1)
(0.2807232181 -0.11 -0.1)
(0.2960001489 -0.11 -0.1)
(0.3124333996 -0.11 -0.1)
(0.3301104926 -0.11 -0.1)
(0.3491255751 -0.11 -0.1)
(0.3695799204 -0.11 -0.1)
(0.3915824671 -0.11 -0.1)
(0.4152503995 -0.11 -0.1)
(0.4407097715 -0.11 -0.1)
(0.4680961783 -0.11 -0.1)
(0.4975554783 -0.11 -0.1)
(0.52924457 -0.11 -0.1)
(0.5633322276 -0.11 -0.1)
(0.6 -0.11 -0.1)
(0.2091669431 -0.1 -0.1)
(0.2190277375 -0.1 -0.1)
(0.2296349012 -0.1 -0.1)
(0.2410449273 -0.1 -0.1)
(0.2533185851 -0.1 -0.1)
(0.2665212431 -0.1 -0.1)
(0.2807232181 -0.1 -0.1)
(0.2960001489 -0.1 -0.1)
(0.3124333996 -0.1 -0.1)
(0.3301104926 -0.1 -0.1)
(0.3491255751 -0.1 -0.1)
(0.3695799204 -0.1 -0.1)
(0.3915824671 -0.1 -0.1)
(0.4152503995 -0.1 -0.1)
(0.4407097715 -0.1 -0.1)
(0.4680961783 -0.1 -0.1)
(0.4975554783 -0.1 -0.1)
(0.52924457 -0.1 -0.1)
(0.5633322276 -0.1 -0.1)
(0.6 -0.1 -0.1)
(0.2091669431 -0.09 -0.1)
(0.2190277375 -0.09 -0.1)
(0.2296349012 -0.09 -0.1)
(0.2410449273 -0.09 -0.1)
(0.2533185851 -0.09 -0.1)
(0.2665212431 -0.09 -0.1)
(0.2807232181 -0.09 -0.1)
(0.2960001489 -0.09 -0.1)
(0.3124333996 -0.09 -0.1)
(0.3301104926 -0.09 -0.1)
(0.3491255751 -0.09 -0.1)
(0.3695799204 -0.09 -0.1)
(0.3915824671 -0.09 -0.1)
(0.4152503995 -0.09 -0.1)
(0.4407097715 -0.09 -0.1)
(0.4680961783 -0.09 -0.1)
(0.4975554783 -0.09 -0.1)
(0.52924457 -0.09 -0.1)
(0.5633322276 -0.09 -0.1)
(0.6 -0.09 -0.1)
(0.2091669431 -0.08 -0.1)
(0.2190277375 -0.08 -0.1)
(0.2296349012 -0.08 -0.1)
(0.2410449273 -0.08 -0.1)
(0.2533185851 -0.08 -0.1)
(0.2665212431 -0.08 -0.1)
(0.2807232181 -0.08 -0.1)
(0.2960001489 -0.08 -0.1)
(0.3124333996 -0.08 -0.1)
(0.3301104926 -0.08 -0.1)
(0.3491255751 -0.08 -0.1)
(0.3695799204 -0.08 -0.1)
(0.3915824671 -0.08 -0.1)
(0.4152503995 -0.08 -0.1)
(0.4407097715 -0.08 -0.1)
(0.4680961783 -0.08 -0.1)
(0.4975554783 -0.08 -0.1)
(0.52924457 -0.08 -0.1)
(0.5633322276 -0.08 -0.1)
(0.6 -0.08 -0.1)
(0.2091669431 -0.07 -0.1)
(0.2190277375 -0.07 -0.1)
(0.2296349012 -0.07 -0.1)
(0.2410449273 -0.07 -0.1)
(0.2533185851 -0.07 -0.1)
(0.2665212431 -0.07 -0.1)
(0.2807232181 -0.07 -0.1)
(0.2960001489 -0.07 -0.1)
(0.3124333996 -0.07 -0.1)
(0.3301104926 -0.07 -0.1)
(0.3491255751 -0.07 -0.1)
(0.3695799204 -0.07 -0.1)
(0.3915824671 -0.07 -0.1)
(0.4152503995 -0.07 -0.1)
(0.4407097715 -0.07 -0.1)
(0.4680961783 -0.07 -0.1)
(0.4975554783 -0.07 -0.1)
(0.52924457 -0.07 -0.1)
(0.5633322276 -0.07 -0.1)
(0.6 -0.07 -0.1)
(0.2091669431 -0.06 -0.1)
(0.2190277375 -0.06 -0.1)
(0.2296349012 -0.06 -0.1)
(0.2410449273 -0.06 -0.1)
(0.2533185851 -0.06 -0.1)
(0.2665212431 -0.06 -0.1)
(0.2807232181 -0.06 -0.1)
(0.2960001489 -0.06 -0.1)
(0.3124333996 -0.06 -0.1)
(0.3301104926 -0.06 -0.1)
(0.3491255751 -0.06 -0.1)
(0.3695799204 -0.06 -0.1)
(0.3915824671 -0.06 -0.1)
(0.4152503995 -0.06 -0.1)
(0.4407097715 -0.06 -0.1)
(0.4680961783 -0.06 -0.1)
(0.4975554783 -0.06 -0.1)
(0.52924457 -0.06 -0.1)
(0.5633322276 -0.06 -0.1)
(0.6 -0.06 -0.1)
(0.2091669431 -0.05 -0.1)
(0.2190277375 -0.05 -0.1)
(0.2296349012 -0.05 -0.1)
(0.2410449273 -0.05 -0.1)
(0.2533185851 -0.05 -0.1)
(0.2665212431 -0.05 -0.1)
(0.2807232181 -0.05 -0.1)
(0.2960001489 -0.05 -0.1)
(0.3124333996 -0.05 -0.1)
(0.3301104926 -0.05 -0.1)
(0.3491255751 -0.05 -0.1)
(0.3695799204 -0.05 -0.1)
(0.3915824671 -0.05 -0.1)
(0.4152503995 -0.05 -0.1)
(0.4407097715 -0.05 -0.1)
(0.4680961783 -0.05 -0.1)
(0.4975554783 -0.05 -0.1)
(0.52924457 -0.05 -0.1)
(0.5633322276 -0.05 -0.1)
(0.6 -0.05 -0.1)
(0.2091669431 -0.04 -0.1)
(0.2190277375 -0.04 -0.1)
(0.2296349012 -0.04 -0.1)
(0.2410449273 -0.04 -0.1)
(0.2533185851 -0.04 -0.1)
(0.2665212431 -0.04 -0.1)
(0.2807232181 -0.04 -0.1)
(0.2960001489 -0.04 -0.1)
(0.3124333996 -0.04 -0.1)
(0.3301104926 -0.04 -0.1)
(0.3491255751 -0.04 -0.1)
(0.3695799204 -0.04 -0.1)
(0.3915824671 -0.04 -0.1)
(0.4152503995 -0.04 -0.1)
(0.4407097715 -0.04 -0.1)
(0.4680961783 -0.04 -0.1)
(0.4975554783 -0.04 -0.1)
(0.52924457 -0.04 -0.1)
(0.5633322276 -0.04 -0.1)
(0.6 -0.04 -0.1)
(0.2091669431 -0.03 -0.1)
(0.2190277375 -0.03 -0.1)
(0.2296349012 -0.03 -0.1)
(0.2410449273 -0.03 -0.1)
(0.2533185851 -0.03 -0.1)
(0.2665212431 -0.03 -0.1)
(0.2807232181 -0.03 -0.1)
(0.2960001489 -0.03 -0.1)
(0.3124333996 -0.03 -0.1)
(0.3301104926 -0.03 -0.1)
(0.3491255751 -0.03 -0.1)
(0.3695799204 -0.03 -0.1)
(0.3915824671 -0.03 -0.1)
(0.4152503995 -0.03 -0.1)
(0.4407097715 -0.03 -0.1)
(0.4680961783 -0.03 -0.1)
(0.4975554783 -0.03 -0.1)
(0.52924457 -0.03 -0.1)
(0.5633322276 -0.03 -0.1)
(0.6 -0.03 -0.1)
(0.2091669431 -0.02 -0.1)
(0.2190277375 -0.02 -0.1)
(0.2296349012 -0.02 -0.1)
(0.2410449273 -0.02 -0.1)
(0.2533185851 -0.02 -0.1)
(0.2665212431 -0.02 -0.1)
(0.2807232181 -0.02 -0.1)
(0.2960001489 -0.02 -0.1)
(0.3124333996 -0.02 -0.1)
(0.3301104926 -0.02 -0.1)
(0.3491255751 -0.02 -0.1)
(0.3695799204 -0.02 -0.1)
(0.3915824671 -0.02 -0.1)
(0.4152503995 -0.02 -0.1)
(0.4407097715 -0.02 -0.1)
(0.4680961783 -0.02 -0.1)
(0.4975554783 -0.02 -0.1)
(0.52924457 -0.02 -0.1)
(0.5633322276 -0.02 -0.1)
(0.6 -0.02 -0.1)
(0.2091669431 -0.01 -0.1)
(0.2190277375 -0.01 -0.1)
(0.2296349012 -0.01 -0.1)
(0.2410449273 -0.01 -0.1)
(0.2533185851 -0.01 -0.1)
(0.2665212431 -0.01 -0.1)
(0.2807232181 -0.01 -0.1)
(0.2960001489 -0.01 -0.1)
(0.3124333996 -0.01 -0.1)
(0.3301104926 -0.01 -0.1)
(0.3491255751 -0.01 -0.1)
(0.3695799204 -0.01 -0.1)
(0.3915824671 -0.01 -0.1)
(0.4152503995 -0.01 -0.1)
(0.4407097715 -0.01 -0.1)
(0.4680961783 -0.01 -0.1)
(0.4975554783 -0.01 -0.1)
(0.52924457 -0.01 -0.1)
(0.5633322276 -0.01 -0.1)
(0.6 -0.01 -0.1)
(0.2091669431 -0.13 0.1)
(0.2190277375 -0.13 0.1)
(0.2296349012 -0.13 0.1)
(0.2410449273 -0.13 0.1)
(0.2533185851 -0.13 0.1)
(0.2665212431 -0.13 0.1)
(0.2807232181 -0.13 0.1)
(0.2960001489 -0.13 0.1)
(0.3124333996 -0.13 0.1)
(0.3301104926 -0.13 0.1)
(0.3491255751 -0.13 0.1)
(0.3695799204 -0.13 0.1)
(0.3915824671 -0.13 0.1)
(0.4152503995 -0.13 0.1)
(0.4407097715 -0.13 0.1)
(0.4680961783 -0.13 0.1)
(0.4975554783 -0.13 0.1)
(0.52924457 -0.13 0.1)
(0.5633322276 -0.13 0.1)
(0.6 -0.13 0.1)
(0.2091669431 -0.12 0.1)
(0.2190277375 -0.12 0.1)
(0.2296349012 -0.12 0.1)
(0.2410449273 -0.12 0.1)
(0.2533185851 -0.12 0.1)
(0.2665212431 -0.12 0.1)
(0.2807232181 -0.12 0.1)
(0.2960001489 -0.12 0.1)
(0.3124333996 -0.12 0.1)
(0.3301104926 -0.12 0.1)
(0.3491255751 -0.12 0.1)
(0.3695799204 -0.12 0.1)
(0.3915824671 -0.12 0.1)
(0.4152503995 -0.12 0.1)
(0.4407097715 -0.12 0.1)
(0.4680961783 -0.12 0.1)
(0.4975554783 -0.12 0.1)
(0.52924457 -0.12 0.1)
(0.5633322276 -0.12 0.1)
(0.6 -0.12 0.1)
(0.2091669431 -0.11 0.1)
(0.2190277375 -0.11 0.1)
(0.2296349012 -0.11 0.1)
(0.2410449273 -0.11 0.1)
(0.2533185851 -0.11 0.1)
(0.2665212431 -0.11 0.1)
(0.2807232181 -0.11 0.1)
(0.2960001489 -0.11 0.1)
(0.3124333996 -0.11 0.1)
(0.3301104926 -0.11 0.1)
(0.3491255751 -0.11 0.1)
(0.3695799204 -0.11 0.1)
(0.3915824671 -0.11 0.1)
(0.4152503995 -0.11 0.1)
(0.4407097715 -0.11 0.1)
(0.4680961783 -0.11 0.1)
(0.4975554783 -0.11 0.1)
(0.52924457 -0.11 0.1)
(0.5633322276 -0.11 0.1)
(0.6 -0.11 0.1)
(0.2091669431 -0.1 0.1)
(0.2190277375 -0.1 0.1)
(0.2296349012 -0.1 0.1)
(0.2410449273 -0.1 0.1)
(0.2533185851 -0.1 0.1)
(0.2665212431 -0.1 0.1)
(0.2807232181 -0.1 0.1)
(0.2960001489 -0.1 0.1)
(0.3124333996 -0.1 0.1)
(0.3301104926 -0.1 0.1)
(0.3491255751 -0.1 0.1)
(0.3695799204 -0.1 0.1)
(0.3915824671 -0.1 0.1)
(0.4152503995 -0.1 0.1)
(0.4407097715 -0.1 0.1)
(0.4680961783 -0.1 0.1)
(0.4975554783 -0.1 0.1)
(0.52924457 -0.1 0.1)
(0.5633322276 -0.1 0.1)
(0.6 -0.1 0.1)
(0.2091669431 -0.09 0.1)
(0.2190277375 -0.09 0.1)
(0.2296349012 -0.09 0.1)
(0.2410449273 -0.09 0.1)
(0.2533185851 -0.09 0.1)
(0.2665212431 -0.09 0.1)
(0.2807232181 -0.09 0.1)
(0.2960001489 -0.09 0.1)
(0.3124333996 -0.09 0.1)
(0.3301104926 -0.09 0.1)
(0.3491255751 -0.09 0.1)
(0.3695799204 -0.09 0.1)
(0.3915824671 -0.09 0.1)
(0.4152503995 -0.09 0.1)
(0.4407097715 -0.09 0.1)
(0.4680961783 -0.09 0.1)
(0.4975554783 -0.09 0.1)
(0.52924457 -0.09 0.1)
(0.5633322276 -0.09 0.1)
(0.6 -0.09 0.1)
(0.2091669431 -0.08 0.1)
(0.2190277375 -0.08 0.1)
(0.2296349012 -0.08 0.1)
(0.2410449273 -0.08 0.1)
(0.2533185851 -0.08 0.1)
(0.2665212431 -0.08 0.1)
(0.2807232181 -0.08 0.1)
(0.2960001489 -0.08 0.1)
(0.3124333996 -0.08 0.1)
(0.3301104926 -0.08 0.1)
(0.3491255751 -0.08 0.1)
(0.3695799204 -0.08 0.1)
(0.3915824671 -0.08 0.1)
(0.4152503995 -0.08 0.1)
(0.4407097715 -0.08 0.1)
(0.4680961783 -0.08 0.1)
(0.4975554783 -0.08 0.1)
(0.52924457 -0.08 0.1)
(0.5633322276 -0.08 0.1)
(0.6 -0.08 0.1)
(0.2091669431 -0.07 0.1)
(0.2190277375 -0.07 0.1)
(0.2296349012 -0.07 0.1)
(0.2410449273 -0.07 0.1)
(0.2533185851 -0.07 0.1)
(0.2665212431 -0.07 0.1)
(0.2807232181 -0.07 0.1)
(0.2960001489 -0.07 0.1)
(0.3124333996 -0.07 0.1)
(0.3301104926 -0.07 0.1)
(0.3491255751 -0.07 0.1)
(0.3695799204 -0.07 0.1)
(0.3915824671 -0.07 0.1)
(0.4152503995 -0.07 0.1)
(0.4407097715 -0.07 0.1)
(0.4680961783 -0.07 0.1)
(0.4975554783 -0.07 0.1)
(0.52924457 -0.07 0.1)
(0.5633322276 -0.07 0.1)
(0.6 -0.07 0.1)
(0.2091669431 -0.06 0.1)
(0.2190277375 -0.06 0.1)
(0.2296349012 -0.06 0.1)
(0.2410449273 -0.06 0.1)
(0.2533185851 -0.06 0.1)
(0.2665212431 -0.06 0.1)
(0.2807232181 -0.06 0.1)
(0.2960001489 -0.06 0.1)
(0.3124333996 -0.06 0.1)
(0.3301104926 -0.06 0.1)
(0.3491255751 -0.06 0.1)
(0.3695799204 -0.06 0.1)
(0.3915824671 -0.06 0.1)
(0.4152503995 -0.06 0.1)
(0.4407097715 -0.06 0.1)
(0.4680961783 -0.06 0.1)
(0.4975554783 -0.06 0.1)
(0.52924457 -0.06 0.1)
(0.5633322276 -0.06 0.1)
(0.6 -0.06 0.1)
(0.2091669431 -0.05 0.1)
(0.2190277375 -0.05 0.1)
(0.2296349012 -0.05 0.1)
(0.2410449273 -0.05 0.1)
(0.2533185851 -0.05 0.1)
(0.2665212431 -0.05 0.1)
(0.2807232181 -0.05 0.1)
(0.2960001489 -0.05 0.1)
(0.3124333996 -0.05 0.1)
(0.3301104926 -0.05 0.1)
(0.3491255751 -0.05 0.1)
(0.3695799204 -0.05 0.1)
(0.3915824671 -0.05 0.1)
(0.4152503995 -0.05 0.1)
(0.4407097715 -0.05 0.1)
(0.4680961783 -0.05 0.1)
(0.4975554783 -0.05 0.1)
(0.52924457 -0.05 0.1)
(0.5633322276 -0.05 0.1)
(0.6 -0.05 0.1)
(0.2091669431 -0.04 0.1)
(0.2190277375 -0.04 0.1)
(0.2296349012 -0.04 0.1)
(0.2410449273 -0.04 0.1)
(0.2533185851 -0.04 0.1)
(0.2665212431 -0.04 0.1)
(0.2807232181 -0.04 0.1)
(0.2960001489 -0.04 0.1)
(0.3124333996 -0.04 0.1)
(0.3301104926 -0.04 0.1)
(0.3491255751 -0.04 0.1)
(0.3695799204 -0.04 0.1)
(0.3915824671 -0.04 0.1)
(0.4152503995 -0.04 0.1)
(0.4407097715 -0.04 0.1)
(0.4680961783 -0.04 0.1)
(0.4975554783 -0.04 0.1)
(0.52924457 -0.04 0.1)
(0.5633322276 -0.04 0.1)
(0.6 -0.04 0.1)
(0.2091669431 -0.03 0.1)
(0.2190277375 -0.03 0.1)
(0.2296349012 -0.03 0.1)
(0.2410449273 -0.03 0.1)
(0.2533185851 -0.03 0.1)
(0.2665212431 -0.03 0.1)
(0.2807232181 -0.03 0.1)
(0.2960001489 -0.03 0.1)
(0.3124333996 -0.03 0.1)
(0.3301104926 -0.03 0.1)
(0.3491255751 -0.03 0.1)
(0.3695799204 -0.03 0.1)
(0.3915824671 -0.03 0.1)
(0.4152503995 -0.03 0.1)
(0.4407097715 -0.03 0.1)
(0.4680961783 -0.03 0.1)
(0.4975554783 -0.03 0.1)
(0.52924457 -0.03 0.1)
(0.5633322276 -0.03 0.1)
(0.6 -0.03 0.1)
(0.2091669431 -0.02 0.1)
(0.2190277375 -0.02 0.1)
(0.2296349012 -0.02 0.1)
(0.2410449273 -0.02 0.1)
(0.2533185851 -0.02 0.1)
(0.2665212431 -0.02 0.1)
(0.2807232181 -0.02 0.1)
(0.2960001489 -0.02 0.1)
(0.3124333996 -0.02 0.1)
(0.3301104926 -0.02 0.1)
(0.3491255751 -0.02 0.1)
(0.3695799204 -0.02 0.1)
(0.3915824671 -0.02 0.1)
(0.4152503995 -0.02 0.1)
(0.4407097715 -0.02 0.1)
(0.4680961783 -0.02 0.1)
(0.4975554783 -0.02 0.1)
(0.52924457 -0.02 0.1)
(0.5633322276 -0.02 0.1)
(0.6 -0.02 0.1)
(0.2091669431 -0.01 0.1)
(0.2190277375 -0.01 0.1)
(0.2296349012 -0.01 0.1)
(0.2410449273 -0.01 0.1)
(0.2533185851 -0.01 0.1)
(0.2665212431 -0.01 0.1)
(0.2807232181 -0.01 0.1)
(0.2960001489 -0.01 0.1)
(0.3124333996 -0.01 0.1)
(0.3301104926 -0.01 0.1)
(0.3491255751 -0.01 0.1)
(0.3695799204 -0.01 0.1)
(0.3915824671 -0.01 0.1)
(0.4152503995 -0.01 0.1)
(0.4407097715 -0.01 0.1)
(0.4680961783 -0.01 0.1)
(0.4975554783 -0.01 0.1)
(0.52924457 -0.01 0.1)
(0.5633322276 -0.01 0.1)
(0.6 -0.01 0.1)
(0.2 0 -0.1)
(0.2091669431 0 -0.1)
(0.2190277375 0 -0.1)
(0.2296349012 0 -0.1)
(0.2410449273 0 -0.1)
(0.2533185851 0 -0.1)
(0.2665212431 0 -0.1)
(0.2807232181 0 -0.1)
(0.2960001489 0 -0.1)
(0.3124333996 1.445602897e-19 -0.1)
(0.3301104926 0 -0.1)
(0.3491255751 0 -0.1)
(0.3695799204 1.445602897e-19 -0.1)
(0.3915824671 0 -0.1)
(0.4152503995 0 -0.1)
(0.4407097715 0 -0.1)
(0.4680961783 7.228014483e-20 -0.1)
(0.4975554783 0 -0.1)
(0.52924457 7.228014483e-20 -0.1)
(0.5633322276 3.614007242e-20 -0.1)
(0.6 0 -0.1)
(0.2091669431 0.01 -0.1)
(0.2190277375 0.01 -0.1)
(0.2296349012 0.01 -0.1)
(0.2410449273 0.01 -0.1)
(0.2533185851 0.01 -0.1)
(0.2665212431 0.01 -0.1)
(0.2807232181 0.01 -0.1)
(0.2960001489 0.01 -0.1)
(0.3124333996 0.01 -0.1)
(0.3301104926 0.01 -0.1)
(0.3491255751 0.01 -0.1)
(0.3695799204 0.01 -0.1)
(0.3915824671 0.01 -0.1)
(0.4152503995 0.01 -0.1)
(0.4407097715 0.01 -0.1)
(0.4680961783 0.01 -0.1)
(0.4975554783 0.01 -0.1)
(0.52924457 0.01 -0.1)
(0.5633322276 0.01 -0.1)
(0.6 0.01 -0.1)
(0.2 0 0.1)
(0.2091669431 0 0.1)
(0.2190277375 0 0.1)
(0.2296349012 0 0.1)
(0.2410449273 0 0.1)
(0.2533185851 0 0.1)
(0.2665212431 0 0.1)
(0.2807232181 0 0.1)
(0.2960001489 0 0.1)
(0.3124333996 1.445602897e-19 0.1)
(0.3301104926 0 0.1)
(0.3491255751 0 0.1)
(0.3695799204 1.445602897e-19 0.1)
(0.3915824671 0 0.1)
(0.4152503995 0 0.1)
(0.4407097715 0 0.1)
(0.4680961783 7.228014483e-20 0.1)
(0.4975554783 0 0.1)
(0.52924457 7.228014483e-20 0.1)
(0.5633322276 3.614007242e-20 0.1)
(0.6 0 0.1)
(0.2091669431 0.01 0.1)
(0.2190277375 0.01 0.1)
(0.2296349012 0.01 0.1)
(0.2410449273 0.01 0.1)
(0.2533185851 0.01 0.1)
(0.2665212431 0.01 0.1)
(0.2807232181 0.01 0.1)
(0.2960001489 0.01 0.1)
(0.3124333996 0.01 0.1)
(0.3301104926 0.01 0.1)
(0.3491255751 0.01 0.1)
(0.3695799204 0.01 0.1)
(0.3915824671 0.01 0.1)
(0.4152503995 0.01 0.1)
(0.4407097715 0.01 0.1)
(0.4680961783 0.01 0.1)
(0.4975554783 0.01 0.1)
(0.52924457 0.01 0.1)
(0.5633322276 0.01 0.1)
(0.6 0.01 0.1)
(0.2091669431 0.02 -0.1)
(0.2190277375 0.02 -0.1)
(0.2296349012 0.02 -0.1)
(0.2410449273 0.02 -0.1)
(0.2533185851 0.02 -0.1)
(0.2665212431 0.02 -0.1)
(0.2807232181 0.02 -0.1)
(0.2960001489 0.02 -0.1)
(0.3124333996 0.02 -0.1)
(0.3301104926 0.02 -0.1)
(0.3491255751 0.02 -0.1)
(0.3695799204 0.02 -0.1)
(0.3915824671 0.02 -0.1)
(0.4152503995 0.02 -0.1)
(0.4407097715 0.02 -0.1)
(0.4680961783 0.02 -0.1)
(0.4975554783 0.02 -0.1)
(0.52924457 0.02 -0.1)
(0.5633322276 0.02 -0.1)
(0.6 0.02 -0.1)
(0.2091669431 0.03 -0.1)
(0.2190277375 0.03 -0.1)
(0.2296349012 0.03 -0.1)
(0.2410449273 0.03 -0.1)
(0.2533185851 0.03 -0.1)
(0.2665212431 0.03 -0.1)
(0.2807232181 0.03 -0.1)
(0.2960001489 0.03 -0.1)
(0.3124333996 0.03 -0.1)
(0.3301104926 0.03 -0.1)
(0.3491255751 0.03 -0.1)
(0.3695799204 0.03 -0.1)
(0.3915824671 0.03 -0.1)
(0.4152503995 0.03 -0.1)
(0.4407097715 0.03 -0.1)
(0.4680961783 0.03 -0.1)
(0.4975554783 0.03 -0.1)
(0.52924457 0.03 -0.1)
(0.5633322276 0.03 -0.1)
(0.6 0.03 -0.1)
(0.2091669431 0.04 -0.1)
(0.2190277375 0.04 -0.1)
(0.2296349012 0.04 -0.1)
(0.2410449273 0.04 -0.1)
(0.2533185851 0.04 -0.1)
(0.2665212431 0.04 -0.1)
(0.2807232181 0.04 -0.1)
(0.2960001489 0.04 -0.1)
(0.3124333996 0.04 -0.1)
(0.3301104926 0.04 -0.1)
(0.3491255751 0.04 -0.1)
(0.3695799204 0.04 -0.1)
(0.3915824671 0.04 -0.1)
(0.4152503995 0.04 -0.1)
(0.4407097715 0.04 -0.1)
(0.4680961783 0.04 -0.1)
(0.4975554783 0.04 -0.1)
(0.52924457 0.04 -0.1)
(0.5633322276 0.04 -0.1)
(0.6 0.04 -0.1)
(0.2091669431 0.05 -0.1)
(0.2190277375 0.05 -0.1)
(0.2296349012 0.05 -0.1)
(0.2410449273 0.05 -0.1)
(0.2533185851 0.05 -0.1)
(0.2665212431 0.05 -0.1)
(0.2807232181 0.05 -0.1)
(0.2960001489 0.05 -0.1)
(0.3124333996 0.05 -0.1)
(0.3301104926 0.05 -0.1)
(0.3491255751 0.05 -0.1)
(0.3695799204 0.05 -0.1)
(0.3915824671 0.05 -0.1)
(0.4152503995 0.05 -0.1)
(0.4407097715 0.05 -0.1)
(0.4680961783 0.05 -0.1)
(0.4975554783 0.05 -0.1)
(0.52924457 0.05 -0.1)
(0.5633322276 0.05 -0.1)
(0.6 0.05 -0.1)
(0.2091669431 0.06 -0.1)
(0.2190277375 0.06 -0.1)
(0.2296349012 0.06 -0.1)
(0.2410449273 0.06 -0.1)
(0.2533185851 0.06 -0.1)
(0.2665212431 0.06 -0.1)
(0.2807232181 0.06 -0.1)
(0.2960001489 0.06 -0.1)
(0.3124333996 0.06 -0.1)
(0.3301104926 0.06 -0.1)
(0.3491255751 0.06 -0.1)
(0.3695799204 0.06 -0.1)
(0.3915824671 0.06 -0.1)
(0.4152503995 0.06 -0.1)
(0.4407097715 0.06 -0.1)
(0.4680961783 0.06 -0.1)
(0.4975554783 0.06 -0.1)
(0.52924457 0.06 -0.1)
(0.5633322276 0.06 -0.1)
(0.6 0.06 -0.1)
(0.2091669431 0.07 -0.1)
(0.2190277375 0.07 -0.1)
(0.2296349012 0.07 -0.1)
(0.2410449273 0.07 -0.1)
(0.2533185851 0.07 -0.1)
(0.2665212431 0.07 -0.1)
(0.2807232181 0.07 -0.1)
(0.2960001489 0.07 -0.1)
(0.3124333996 0.07 -0.1)
(0.3301104926 0.07 -0.1)
(0.3491255751 0.07 -0.1)
(0.3695799204 0.07 -0.1)
(0.3915824671 0.07 -0.1)
(0.4152503995 0.07 -0.1)
(0.4407097715 0.07 -0.1)
(0.4680961783 0.07 -0.1)
(0.4975554783 0.07 -0.1)
(0.52924457 0.07 -0.1)
(0.5633322276 0.07 -0.1)
(0.6 0.07 -0.1)
(0.2091669431 0.08 -0.1)
(0.2190277375 0.08 -0.1)
(0.2296349012 0.08 -0.1)
(0.2410449273 0.08 -0.1)
(0.2533185851 0.08 -0.1)
(0.2665212431 0.08 -0.1)
(0.2807232181 0.08 -0.1)
(0.2960001489 0.08 -0.1)
(0.3124333996 0.08 -0.1)
(0.3301104926 0.08 -0.1)
(0.3491255751 0.08 -0.1)
(0.3695799204 0.08 -0.1)
(0.3915824671 0.08 -0.1)
(0.4152503995 0.08 -0.1)
(0.4407097715 0.08 -0.1)
(0.4680961783 0.08 -0.1)
(0.4975554783 0.08 -0.1)
(0.52924457 0.08 -0.1)
(0.5633322276 0.08 -0.1)
(0.6 0.08 -0.1)
(0.2091669431 0.09 -0.1)
(0.2190277375 0.09 -0.1)
(0.2296349012 0.09 -0.1)
(0.2410449273 0.09 -0.1)
(0.2533185851 0.09 -0.1)
(0.2665212431 0.09 -0.1)
(0.2807232181 0.09 -0.1)
(0.2960001489 0.09 -0.1)
(0.3124333996 0.09 -0.1)
(0.3301104926 0.09 -0.1)
(0.3491255751 0.09 -0.1)
(0.3695799204 0.09 -0.1)
(0.3915824671 0.09 -0.1)
(0.4152503995 0.09 -0.1)
(0.4407097715 0.09 -0.1)
(0.4680961783 0.09 -0.1)
(0.4975554783 0.09 -0.1)
(0.52924457 0.09 -0.1)
(0.5633322276 0.09 -0.1)
(0.6 0.09 -0.1)
(0.2091669431 0.1 -0.1)
(0.2190277375 0.1 -0.1)
(0.2296349012 0.1 -0.1)
(0.2410449273 0.1 -0.1)
(0.2533185851 0.1 -0.1)
(0.2665212431 0.1 -0.1)
(0.2807232181 0.1 -0.1)
(0.2960001489 0.1 -0.1)
(0.3124333996 0.1 -0.1)
(0.3301104926 0.1 -0.1)
(0.3491255751 0.1 -0.1)
(0.3695799204 0.1 -0.1)
(0.3915824671 0.1 -0.1)
(0.4152503995 0.1 -0.1)
(0.4407097715 0.1 -0.1)
(0.4680961783 0.1 -0.1)
(0.4975554783 0.1 -0.1)
(0.52924457 0.1 -0.1)
(0.5633322276 0.1 -0.1)
(0.6 0.1 -0.1)
(0.2091669431 0.11 -0.1)
(0.2190277375 0.11 -0.1)
(0.2296349012 0.11 -0.1)
(0.2410449273 0.11 -0.1)
(0.2533185851 0.11 -0.1)
(0.2665212431 0.11 -0.1)
(0.2807232181 0.11 -0.1)
(0.2960001489 0.11 -0.1)
(0.3124333996 0.11 -0.1)
(0.3301104926 0.11 -0.1)
(0.3491255751 0.11 -0.1)
(0.3695799204 0.11 -0.1)
(0.3915824671 0.11 -0.1)
(0.4152503995 0.11 -0.1)
(0.4407097715 0.11 -0.1)
(0.4680961783 0.11 -0.1)
(0.4975554783 0.11 -0.1)
(0.52924457 0.11 -0.1)
(0.5633322276 0.11 -0.1)
(0.6 0.11 -0.1)
(0.2091669431 0.12 -0.1)
(0.2190277375 0.12 -0.1)
(0.2296349012 0.12 -0.1)
(0.2410449273 0.12 -0.1)
(0.2533185851 0.12 -0.1)
(0.2665212431 0.12 -0.1)
(0.2807232181 0.12 -0.1)
(0.2960001489 0.12 -0.1)
(0.3124333996 0.12 -0.1)
(0.3301104926 0.12 -0.1)
(0.3491255751 0.12 -0.1)
(0.3695799204 0.12 -0.1)
(0.3915824671 0.12 -0.1)
(0.4152503995 0.12 -0.1)
(0.4407097715 0.12 -0.1)
(0.4680961783 0.12 -0.1)
(0.4975554783 0.12 -0.1)
(0.52924457 0.12 -0.1)
(0.5633322276 0.12 -0.1)
(0.6 0.12 -0.1)
(0.2091669431 0.02 0.1)
(0.2190277375 0.02 0.1)
(0.2296349012 0.02 0.1)
(0.2410449273 0.02 0.1)
(0.2533185851 0.02 0.1)
(0.2665212431 0.02 0.1)
(0.2807232181 0.02 0.1)
(0.2960001489 0.02 0.1)
(0.3124333996 0.02 0.1)
(0.3301104926 0.02 0.1)
(0.3491255751 0.02 0.1)
(0.3695799204 0.02 0.1)
(0.3915824671 0.02 0.1)
(0.4152503995 0.02 0.1)
(0.4407097715 0.02 0.1)
(0.4680961783 0.02 0.1)
(0.4975554783 0.02 0.1)
(0.52924457 0.02 0.1)
(0.5633322276 0.02 0.1)
(0.6 0.02 0.1)
(0.2091669431 0.03 0.1)
(0.2190277375 0.03 0.1)
(0.2296349012 0.03 0.1)
(0.2410449273 0.03 0.1)
(0.2533185851 0.03 0.1)
(0.2665212431 0.03 0.1)
(0.2807232181 0.03 0.1)
(0.2960001489 0.03 0.1)
(0.3124333996 0.03 0.1)
(0.3301104926 0.03 0.1)
(0.3491255751 0.03 0.1)
(0.3695799204 0.03 0.1)
(0.3915824671 0.03 0.1)
(0.4152503995 0.03 0.1)
(0.4407097715 0.03 0.1)
(0.4680961783 0.03 0.1)
(0.4975554783 0.03 0.1)
(0.52924457 0.03 0.1)
(0.5633322276 0.03 0.1)
(0.6 0.03 0.1)
(0.2091669431 0.04 0.1)
(0.2190277375 0.04 0.1)
(0.2296349012 0.04 0.1)
(0.2410449273 0.04 0.1)
(0.2533185851 0.04 0.1)
(0.2665212431 0.04 0.1)
(0.2807232181 0.04 0.1)
(0.2960001489 0.04 0.1)
(0.3124333996 0.04 0.1)
(0.3301104926 0.04 0.1)
(0.3491255751 0.04 0.1)
(0.3695799204 0.04 0.1)
(0.3915824671 0.04 0.1)
(0.4152503995 0.04 0.1)
(0.4407097715 0.04 0.1)
(0.4680961783 0.04 0.1)
(0.4975554783 0.04 0.1)
(0.52924457 0.04 0.1)
(0.5633322276 0.04 0.1)
(0.6 0.04 0.1)
(0.2091669431 0.05 0.1)
(0.2190277375 0.05 0.1)
(0.2296349012 0.05 0.1)
(0.2410449273 0.05 0.1)
(0.2533185851 0.05 0.1)
(0.2665212431 0.05 0.1)
(0.2807232181 0.05 0.1)
(0.2960001489 0.05 0.1)
(0.3124333996 0.05 0.1)
(0.3301104926 0.05 0.1)
(0.3491255751 0.05 0.1)
(0.3695799204 0.05 0.1)
(0.3915824671 0.05 0.1)
(0.4152503995 0.05 0.1)
(0.4407097715 0.05 0.1)
(0.4680961783 0.05 0.1)
(0.4975554783 0.05 0.1)
(0.52924457 0.05 0.1)
(0.5633322276 0.05 0.1)
(0.6 0.05 0.1)
(0.2091669431 0.06 0.1)
(0.2190277375 0.06 0.1)
(0.2296349012 0.06 0.1)
(0.2410449273 0.06 0.1)
(0.2533185851 0.06 0.1)
(0.2665212431 0.06 0.1)
(0.2807232181 0.06 0.1)
(0.2960001489 0.06 0.1)
(0.3124333996 0.06 0.1)
(0.3301104926 0.06 0.1)
(0.3491255751 0.06 0.1)
(0.3695799204 0.06 0.1)
(0.3915824671 0.06 0.1)
(0.4152503995 0.06 0.1)
(0.4407097715 0.06 0.1)
(0.4680961783 0.06 0.1)
(0.4975554783 0.06 0.1)
(0.52924457 0.06 0.1)
(0.5633322276 0.06 0.1)
(0.6 0.06 0.1)
(0.2091669431 0.07 0.1)
(0.2190277375 0.07 0.1)
(0.2296349012 0.07 0.1)
(0.2410449273 0.07 0.1)
(0.2533185851 0.07 0.1)
(0.2665212431 0.07 0.1)
(0.2807232181 0.07 0.1)
(0.2960001489 0.07 0.1)
(0.3124333996 0.07 0.1)
(0.3301104926 0.07 0.1)
(0.3491255751 0.07 0.1)
(0.3695799204 0.07 0.1)
(0.3915824671 0.07 0.1)
(0.4152503995 0.07 0.1)
(0.4407097715 0.07 0.1)
(0.4680961783 0.07 0.1)
(0.4975554783 0.07 0.1)
(0.52924457 0.07 0.1)
(0.5633322276 0.07 0.1)
(0.6 0.07 0.1)
(0.2091669431 0.08 0.1)
(0.2190277375 0.08 0.1)
(0.2296349012 0.08 0.1)
(0.2410449273 0.08 0.1)
(0.2533185851 0.08 0.1)
(0.2665212431 0.08 0.1)
(0.2807232181 0.08 0.1)
(0.2960001489 0.08 0.1)
(0.3124333996 0.08 0.1)
(0.3301104926 0.08 0.1)
(0.3491255751 0.08 0.1)
(0.3695799204 0.08 0.1)
(0.3915824671 0.08 0.1)
(0.4152503995 0.08 0.1)
(0.4407097715 0.08 0.1)
(0.4680961783 0.08 0.1)
(0.4975554783 0.08 0.1)
(0.52924457 0.08 0.1)
(0.5633322276 0.08 0.1)
(0.6 0.08 0.1)
(0.2091669431 0.09 0.1)
(0.2190277375 0.09 0.1)
(0.2296349012 0.09 0.1)
(0.2410449273 0.09 0.1)
(0.2533185851 0.09 0.1)
(0.2665212431 0.09 0.1)
(0.2807232181 0.09 0.1)
(0.2960001489 0.09 0.1)
(0.3124333996 0.09 0.1)
(0.3301104926 0.09 0.1)
(0.3491255751 0.09 0.1)
(0.3695799204 0.09 0.1)
(0.3915824671 0.09 0.1)
(0.4152503995 0.09 0.1)
(0.4407097715 0.09 0.1)
(0.4680961783 0.09 0.1)
(0.4975554783 0.09 0.1)
(0.52924457 0.09 0.1)
(0.5633322276 0.09 0.1)
(0.6 0.09 0.1)
(0.2091669431 0.1 0.1)
(0.2190277375 0.1 0.1)
(0.2296349012 0.1 0.1)
(0.2410449273 0.1 0.1)
(0.2533185851 0.1 0.1)
(0.2665212431 0.1 0.1)
(0.2807232181 0.1 0.1)
(0.2960001489 0.1 0.1)
(0.3124333996 0.1 0.1)
(0.3301104926 0.1 0.1)
(0.3491255751 0.1 0.1)
(0.3695799204 0.1 0.1)
(0.3915824671 0.1 0.1)
(0.4152503995 0.1 0.1)
(0.4407097715 0.1 0.1)
(0.4680961783 0.1 0.1)
(0.4975554783 0.1 0.1)
(0.52924457 0.1 0.1)
(0.5633322276 0.1 0.1)
(0.6 0.1 0.1)
(0.2091669431 0.11 0.1)
(0.2190277375 0.11 0.1)
(0.2296349012 0.11 0.1)
(0.2410449273 0.11 0.1)
(0.2533185851 0.11 0.1)
(0.2665212431 0.11 0.1)
(0.2807232181 0.11 0.1)
(0.2960001489 0.11 0.1)
(0.3124333996 0.11 0.1)
(0.3301104926 0.11 0.1)
(0.3491255751 0.11 0.1)
(0.3695799204 0.11 0.1)
(0.3915824671 0.11 0.1)
(0.4152503995 0.11 0.1)
(0.4407097715 0.11 0.1)
(0.4680961783 0.11 0.1)
(0.4975554783 0.11 0.1)
(0.52924457 0.11 0.1)
(0.5633322276 0.11 0.1)
(0.6 0.11 0.1)
(0.2091669431 0.12 0.1)
(0.2190277375 0.12 0.1)
(0.2296349012 0.12 0.1)
(0.2410449273 0.12 0.1)
(0.2533185851 0.12 0.1)
(0.2665212431 0.12 0.1)
(0.2807232181 0.12 0.1)
(0.2960001489 0.12 0.1)
(0.3124333996 0.12 0.1)
(0.3301104926 0.12 0.1)
(0.3491255751 0.12 0.1)
(0.3695799204 0.12 0.1)
(0.3915824671 0.12 0.1)
(0.4152503995 0.12 0.1)
(0.4407097715 0.12 0.1)
(0.4680961783 0.12 0.1)
(0.4975554783 0.12 0.1)
(0.52924457 0.12 0.1)
(0.5633322276 0.12 0.1)
(0.6 0.12 0.1)
)


// ************************************************************************* //
